192297 349.31 0.00   0.06 -0.06   0 0   0 0   3154.14
12224 349.31 -0.06   0.05 -0.06   0 0   0 0   78.63
281778 349.31 -0.06   0.04 -0.05   0 0   0 0   3215.49
191350 349.31 -0.06   0.05 -0.03   0 0   0 0   3174.36
9334 349.31 -0.06   0.02 -0.06   0 0   0 0   52.63
198759 349.31 0.00   0.03 -0.04   0 0   0 0   3200.12
10244 349.31 0.06   0.05 -0.04   0 0   0 0   48.41
13523 349.31 -0.06   0.05 -0.03   0 0   0 0   108.78
95940 349.31 0.00   0.03 -0.02   0 0   0 0   107.14
99956 349.31 -0.06   0.04 -0.03   0 0   0 0   106.33
99942 349.31 -0.19   0.04 -0.05   0 0   0 0   105.87
99921 349.31 -0.06   0.04 -0.03   0 0   0 0   105.01
99993 349.31 -0.13   0.04 -0.04   0 0   0 0   106.74
99992 349.31 0.00   0.06 -0.04   0 0   0 0   106.74
100048 349.31 -0.19   0.05 -0.03   0 0   0 0   109.02
99818 349.31 -0.06   0.04 -0.04   0 0   0 0   105.97
100046 349.31 0.00   0.03 -0.04   0 0   0 0   109.37
99866 349.31 0.00   0.04 -0.03   0 0   0 0   107.24
278677 349.31 -0.06   0.04 -0.04   0 0   0 0   3150.59
11596 349.31 -0.06   0.04 -0.04   0 0   0 0   77.81
13783 349.31 0.06   0.05 -0.04   0 0   0 0   106.00
95778 349.31 0.00   0.04 -0.04   0 0   0 0   106.48
94679 349.31 -0.19   0.04 -0.03   0 0   0 0   26.02
285944 349.31 0.00   0.03 -0.04   0 0   0 0   3214.97
9224 349.31 -0.06   0.05 -0.05   0 0   0 0   37.25
9508 349.31 0.06   0.04 -0.02   0 0   0 0   38.95
98144 349.31 0.00   0.05 -0.04   0 0   0 0   54.02
101221 349.31 0.00   0.04 -0.04   0 0   0 -1   69.25
280950 349.31 0.00   0.04 -0.03   0 0   0 0   3197.33
10753 349.31 -0.13   0.04 -0.06   0 0   0 0   77.33
195846 349.31 0.00   0.04 -0.04   0 0   0 0   3200.45
192560 349.31 0.00   0.03 -0.05   0 0   0 0   3179.88
10772 349.31 -0.06   0.05 -0.03   0 0   0 0   77.60
193353 349.31 0.00   0.04 -0.02   0 0   0 0   3185.96
11211 349.31 0.13   0.04 -0.04   0 0   0 0   85.48
193877 349.31 0.06   0.03 0.03   0 0   0 0   3189.63
11259 349.31 0.06   0.04 -0.03   0 0   0 1   86.30
280651 349.31 0.06   0.03 -0.03   0 0   0 0   3203.38
10723 349.31 -0.06   0.04 -0.02   1 -2   -1 2   77.18
192569 349.31 -0.06   0.06 -0.07   0 0   0 0   3163.56
12588 349.31 -0.06   0.04 -0.03   1 -3   -1 4   84.50
192872 349.31 0.06   0.09 -0.08   0 0   0 1   3200.00
11110 349.31 0.13   0.05 -0.08   3 -8   0 10   83.62
279257 349.31 -0.19   0.15 -0.05   3 -12   -1 14   3188.32
10759 349.31 -0.06   0.15 -0.07   9 -45   0 53   76.63
193754 349.31 -0.44   0.29 -0.12   1 -5   0 6   3181.87
12114 349.31 -0.44   0.31 -0.13   14 -147   24 170   78.77
11967 349.31 -0.37   0.35 -0.13   2 -15   3 17   87.09
272063 349.12 -0.88   -0.52 0.09   20 -161   33 185   3199.62
11454 349.12 -0.88   -0.52 0.21   71 -512   97 587   89.15
14420 349.06 -0.94   -0.48 0.19   3 -22   5 25   91.03
275560 349.06 -0.19   0.13 -0.07   9 -99   26 114   3209.31
194385 349.06 -0.19   0.08 -0.02   1 -8   2 7   3187.05
12185 349.06 -0.13   0.08 0.01   5 -33   6 37   100.76
195273 349.06 -0.13   0.07 0.00   0 -4   2 5   3204.58
13371 349.06 -0.25   0.02 0.00   12 -73   12 86   102.27
12290 349.06 -0.13   0.02 -0.01   0 -5   2 8   103.60
272740 349.06 -0.19   0.10 -0.08   7 -31   7 34   3207.10
13673 349.06 -0.31   0.11 -0.07   9 -54   14 63   103.23
12316 349.06 -0.25   0.10 -0.06   1 -4   1 6   103.69
271416 349.06 -0.44   0.11 -0.04   6 -43   13 51   3179.40
195477 349.06 -0.44   0.05 0.01   24 -164   34 195   3195.54
193223 349.06 -0.25   0.00 0.00   29 -227   56 261   3206.62
14634 349.06 -0.31   -0.03 -0.01   29 -222   53 255   105.66
196796 349.06 0.06   0.11 -0.02   1 -21   6 23   3174.86
12558 349.06 0.06   0.13 -0.01   3 -155   48 178   105.66
194421 349.06 -0.31   0.16 -0.11   0 -9   3 14   3209.83
13296 349.06 -0.50   0.14 -0.10   17 -189   46 215   105.34
15921 349.06 -0.75   0.08 -0.06   0 -16   9 23   140.24
263120 348.87 -1.12   0.02 -0.15   -7 -126   53 130   3169.32
195405 348.50 -3.31   0.07 -0.15   -19 -220   113 240   3196.18
14538 348.44 -2.87   0.03 0.04   -97 -267   226 268   141.68
15153 348.37 -3.06   0.05 0.20   -8 -21   25 29   147.66
98006 347.94 -1.00   0.04 0.20   -50 -166   124 166   140.49
102359 347.87 -0.44   -0.05 -0.09   -5 -149   64 159   139.70
99910 347.81 -0.31   0.05 0.00   -1 -125   48 136   140.30
277635 347.50 -2.62   0.14 -0.06   0 -134   46 147   3190.59
14274 347.44 -2.62   0.05 -0.04   -58 -352   188 350   137.34
16295 347.44 -2.75   0.05 0.04   -7 -28   17 27   137.27
89400 347.19 -3.06   0.16 -0.08   -49 -212   133 217   138.43
100865 346.87 -3.69   0.12 -0.09   -65 -277   163 263   153.20
99310 346.50 -4.50   0.07 -0.02   -70 -329   201 327   141.28
99552 346.06 -4.12   0.00 0.15   -75 -359   212 352   133.80
100032 345.69 -3.94   -0.08 0.42   -62 -373   201 374   134.32
99390 345.44 -2.50   -0.10 0.06   -38 -337   157 347   123.65
99842 345.19 -2.50   0.07 -0.02   -37 -302   131 292   120.98
100119 344.94 -1.25   -0.31 -0.04   -35 -309   135 317   122.95
99860 344.75 -2.44   0.13 0.06   -25 -286   114 269   120.72
99991 344.50 -2.50   0.08 0.05   -26 -290   120 290   120.58
99891 344.31 -2.00   0.04 0.07   -29 -307   121 316   118.75
100040 344.12 -2.50   0.29 -0.15   -25 -295   119 299   119.42
99998 343.81 -2.25   0.00 0.00   -29 -393   148 383   119.47
100009 343.56 -3.81   -0.21 0.16   -17 -417   143 409   119.52
100492 343.31 -2.56   -0.06 0.10   -13 -411   140 402   127.97
99937 343.06 -2.75   0.06 0.13   -26 -386   136 359   126.88
99908 342.81 -2.75   0.04 -0.03   -17 -380   144 385   125.26
99937 342.50 -2.75   -0.09 0.10   -19 -419   150 415   124.13
100018 342.25 -2.69   -0.16 0.15   -11 -388   130 387   124.29
100010 342.06 -2.00   0.07 -0.04   -12 -361   130 362   124.54
99494 341.87 -1.56   -0.25 -0.06   -2 -329   112 336   116.05
100496 341.69 -1.75   -0.04 0.13   -9 -299   107 307   124.37
100619 341.50 -1.44   -0.23 0.36   -10 -295   109 322   121.78
99225 341.37 -1.37   -0.04 0.12   -12 -243   89 234   121.85
100218 341.25 -1.50   0.09 -0.03   -16 -201   92 213   121.54
100016 341.06 -2.19   -0.03 0.20   -16 -248   101 252   121.54
99901 340.87 -2.06   0.07 0.06   -20 -278   111 295   120.82
100000 340.69 -2.19   -0.05 0.13   -22 -289   113 300   120.05
100001 340.50 -2.56   -0.18 0.28   -24 -324   124 334   120.17
99913 340.31 -1.75   -0.14 0.03   -23 -286   122 312   119.71
100009 340.12 -1.75   -0.03 0.03   -19 -248   103 260   118.90
100118 339.94 -1.94   0.03 0.00   -26 -230   116 262   121.58
99811 339.69 -2.31   0.00 -0.01   -32 -256   120 260   118.70
100032 339.44 -3.00   0.01 0.21   -37 -275   138 295   118.39
99922 339.19 -2.81   0.02 0.00   -43 -320   153 330   117.68
100037 338.87 -3.44   0.13 -0.09   -44 -325   164 334   117.43
100022 338.56 -3.87   0.00 -0.01   -43 -366   177 377   118.04
99920 338.19 -3.44   -0.08 0.14   -62 -363   183 346   117.07
99918 337.87 -3.31   -0.14 0.02   -47 -326   177 357   117.01
99811 337.50 -4.12   -0.05 -0.12   -67 -324   217 353   112.66
100020 337.12 -3.44   -0.11 0.07   -81 -332   226 347   111.78
100362 336.75 -3.87   -0.17 0.32   -76 -317   197 315   117.89
99620 336.44 -3.00   0.03 0.01   -61 -259   172 259   112.25
100201 336.06 -3.69   0.07 -0.01   -62 -269   174 270   115.25
99733 335.69 -4.50   -0.10 0.18   -62 -299   184 310   111.03
100933 335.31 -4.00   0.00 0.26   -71 -327   193 329   118.64
99255 334.94 -3.56   0.01 -0.12   -44 -281   164 301   114.94
100233 334.62 -3.37   -0.05 0.00   -54 -281   163 274   119.06
99913 334.31 -3.00   -0.07 -0.02   -57 -280   169 281   117.68
109281 333.94 -3.50   -0.11 0.41   -53 -287   163 290   244.52
96749 333.62 -2.69   -0.05 0.04   -38 -281   146 294   204.67
103106 333.37 -2.25   -0.03 0.03   -33 -238   131 251   243.82
270639 332.75 -2.56   0.17 -0.02   -26 -234   114 226   3178.00
195071 332.19 -2.75   0.07 -0.08   -40 -436   211 445   3212.38
13415 332.19 -2.62   0.00 0.00   -20 -644   250 649   119.31
13228 332.12 -3.06   -0.12 0.10   0 -46   16 46   119.36
103514 331.87 -2.25   -0.05 0.19   -8 -359   121 355   172.31
274554 331.44 -1.87   0.18 0.00   5 -318   97 322   3181.43
193133 331.00 -2.12   -0.36 0.41   11 -592   177 610   3189.90
193742 330.81 -1.25   0.00 0.00   35 -755   197 750   3167.47
18052 330.75 -1.44   0.03 0.10   23 -600   165 640   202.44
17877 330.75 -1.25   -0.08 0.23   3 -61   18 64   160.92
98363 330.69 -0.81   0.10 0.01   24 -290   72 306   132.88
101554 330.56 -1.12   0.05 -0.07   19 -288   73 301   159.86
99974 330.44 -1.25   -0.17 0.03   25 -338   83 353   158.95
102300 330.31 -1.25   0.20 0.00   21 -331   80 334   164.50
100811 330.19 -0.88   -0.07 -0.03   21 -360   87 385   166.05
98795 330.06 -1.56   0.04 0.16   43 -413   85 423   164.59
97028 329.94 -1.37   -0.23 0.43   39 -407   83 421   128.95
101410 329.81 -1.56   0.02 0.09   37 -415   87 423   155.64
276282 329.50 -1.44   -0.52 -0.08   42 -406   82 417   3184.19
15077 329.44 -1.94   -0.41 0.56   92 -798   152 836   150.90
14712 329.44 -1.19   -0.30 0.54   6 -62   9 49   143.03
94610 329.44 -0.44   -0.13 0.09   34 -308   60 325   148.81
100886 329.44 0.25   -0.23 -0.06   39 -261   43 302   148.55
98773 329.44 -0.06   0.04 0.18   37 -206   31 221   148.42
100580 329.44 -0.25   0.03 -0.03   40 -194   25 216   147.03
100134 329.44 0.06   -0.16 0.18   32 -189   29 208   147.75
99866 329.44 0.31   -0.11 0.11   37 -172   13 192   147.70
100046 329.44 0.62   0.06 -0.02   34 -125   0 156   148.18
100045 329.50 0.81   0.37 0.07   38 -137   -7 157   147.70
100791 329.62 1.56   -0.03 0.17   68 -203   -29 241   145.17
98020 329.81 2.56   -0.08 0.13   110 -259   -68 300   143.37
99773 330.12 3.19   -0.13 0.25   129 -225   -103 294   142.45
99052 330.50 3.19   -0.03 0.28   143 -199   -133 260   119.42
100786 330.87 3.75   0.01 0.07   133 -165   -127 212   139.82
99665 331.31 4.56   0.12 0.18   159 -167   -155 225   140.63
100558 331.81 5.69   0.07 0.09   185 -173   -183 238   141.23
98435 332.44 -0.19   -0.12 0.65   230 -196   -245 281   111.54
100996 333.00 6.06   -0.09 0.00   221 -177   -236 250   138.13
102330 333.50 4.69   -0.47 -0.28   184 -138   -220 214   138.07
97714 333.81 3.25   -0.09 0.13   138 -102   -153 150   135.45
100177 334.19 3.31   -0.05 -0.13   103 -49   -122 85   134.16
100208 334.50 3.87   0.04 0.06   105 -43   -126 76   132.91
97156 334.81 3.00   -0.04 -0.11   105 -36   -131 70   107.74
103331 335.06 2.94   0.09 0.12   85 -40   -102 66   133.79
99688 335.44 4.31   0.14 0.26   101 -50   -128 80   132.91
100669 335.94 7.12   0.15 -0.03   164 -50   -210 95   132.59
101986 336.62 10.31   -0.12 -0.12   214 -62   -299 134   173.52
96861 337.25 6.06   -0.13 -0.11   198 -75   -255 134   132.71
100043 337.81 5.56   -0.02 0.07   182 -62   -241 125   131.13
99883 338.44 6.81   0.17 0.07   196 -70   -244 128   128.64
102046 339.25 2.56   0.03 0.43   228 -82   -306 159   137.47
100724 339.87 7.69   -0.14 -0.17   240 -98   -314 171   168.24
97578 340.56 6.69   -0.03 0.01   227 -89   -286 157   128.49
102316 341.19 5.62   -0.28 -0.35   196 -85   -270 153   165.87
99933 341.75 6.50   0.08 -0.05   191 -82   -242 138   165.50
99948 342.31 5.37   -0.18 -0.10   177 -74   -233 138   164.62
100024 342.81 5.25   0.07 0.09   171 -74   -208 128   164.78
99871 343.31 6.62   0.20 -0.64   171 -67   -224 118   167.68
100029 344.06 6.06   -0.09 -0.02   225 -103   -294 175   163.66
99952 344.75 6.19   -0.02 0.00   211 -94   -276 164   163.11
99886 345.37 6.31   -0.01 0.07   210 -104   -277 174   161.28
99902 346.00 0.13   -0.29 -0.23   206 -100   -281 176   162.80
99917 346.50 5.00   -0.18 -0.22   175 -107   -208 157   161.18
99910 346.94 3.69   -0.09 -0.07   141 -88   -176 135   159.29
99906 347.19 1.69   -0.27 -0.37   93 -72   -105 100   158.48
99977 347.25 -0.44   0.03 0.00   25 -62   -11 73   157.93
99980 347.19 -0.81   0.15 -0.11   -20 -54   43 55   159.62
99904 347.06 -1.87   0.04 0.03   -40 -93   76 94   156.15
100018 346.87 -2.00   0.02 0.18   -54 -115   110 114   157.78
99992 346.69 -1.44   0.06 0.13   -54 -112   97 103   158.53
99907 346.56 -0.88   0.05 0.05   -29 -107   75 109   157.13
99848 346.50 -0.81   0.13 -0.01   -19 -120   60 122   148.09
100021 346.37 -1.56   0.22 -0.08   -9 -140   70 158   157.03
99887 346.19 -1.87   -0.03 0.18   -18 -214   102 234   155.33
100037 346.06 -2.12   0.20 -0.23   -14 -238   99 266   155.74
99991 345.75 -2.94   0.08 -0.09   -32 -299   133 311   155.29
99915 345.44 -3.37   -0.07 -0.01   -38 -322   146 330   155.24
100027 345.06 -4.69   0.21 -0.23   -56 -331   185 341   155.74
99916 344.56 -4.94   -0.05 0.09   -72 -379   229 378   154.13
98626 344.19 -3.69   -0.12 0.10   -67 -336   201 330   111.03
100943 343.81 -3.37   -0.08 0.16   -64 -303   179 307   143.67
99990 343.44 -3.44   0.01 0.09   -58 -251   155 249   143.36
99940 343.12 -4.06   0.13 -0.05   -57 -254   165 257   144.73
98940 342.75 -3.37   -0.05 0.00   -58 -261   180 283   109.06
100500 342.44 -2.62   -0.28 0.19   -54 -248   147 245   120.68
99568 342.25 -1.94   -0.01 0.06   -49 -161   115 169   109.55
100018 342.06 -1.81   -0.02 0.05   -40 -132   94 134   111.41
100152 341.87 -2.12   0.07 -0.02   -35 -123   103 137   117.01
99649 341.62 -1.87   -0.05 0.07   -48 -137   106 131   105.40
100229 341.44 -2.25   0.18 -0.17   -44 -122   104 123   116.62
99611 341.12 -3.44   0.10 -0.19   -61 -151   137 154   104.49
100061 340.69 -4.25   -0.02 -0.02   -86 -226   182 210   106.69
99934 340.25 -5.56   0.04 -0.23   -91 -262   219 255   103.77
100058 339.62 -5.31   -0.15 0.00   -123 -330   277 296   108.97
99845 339.00 -6.25   -0.10 0.01   -123 -315   298 309   106.98
99956 338.44 -6.19   -0.06 -0.09   -120 -310   268 283   104.19
99899 337.81 -6.44   0.05 0.10   -120 -295   261 265   103.98
277987 335.75 -10.44   0.09 0.13   -135 -327   303 295   3190.29
11312 335.69 -3.12   0.04 -0.06   -283 -678   626 629   80.38
12316 335.69 -5.44   -0.02 0.64   -18 -43   41 40   103.55
98230 335.12 -7.25   0.05 0.39   -119 -322   300 313   103.89
100011 334.44 -5.94   -0.18 0.26   -126 -334   285 295   105.92
99906 333.87 -5.69   0.04 -0.22   -116 -301   264 283   104.68
100016 333.31 -3.62   -0.15 0.10   -114 -309   285 296   104.65
99975 332.75 -5.06   -0.14 0.31   -108 -307   254 294   105.10
99835 332.37 -3.94   -0.10 0.16   -89 -242   198 233   101.70
99940 332.00 -3.37   -0.03 0.12   -76 -214   169 204   104.65
100099 331.69 -3.25   -0.04 0.15   -62 -192   153 200   102.95
99818 331.37 -3.00   -0.02 -0.02   -60 -202   145 205   103.33
99991 331.12 -2.75   -0.02 0.00   -52 -207   142 218   103.26
99968 330.81 -2.12   -0.16 0.52   -55 -214   133 207   104.49
99919 330.69 -0.94   -0.15 0.12   -22 -164   91 177   103.12
99985 330.62 -1.00   0.01 0.03   -16 -117   62 125   105.16
99966 330.50 -1.31   0.16 -0.04   -23 -107   65 112   104.29
100029 330.31 -2.44   0.30 -0.15   -27 -143   83 160   105.10
99920 330.12 -2.06   -0.07 -0.04   -36 -209   109 214   104.15
98861 329.81 -2.25   0.00 0.13   -35 -218   121 237   66.54
101244 329.56 -2.75   -0.04 0.26   -31 -258   117 266   108.97
98717 329.37 -2.50   0.03 -0.06   -24 -251   118 295   65.91
99886 329.12 -3.25   0.32 -0.16   -36 -289   132 302   64.09
99954 328.75 -2.69   -0.03 -0.03   -36 -359   149 364   63.04
101215 328.44 -2.56   -0.14 0.20   -27 -373   156 387   107.34
98586 328.19 -2.56   -0.06 0.11   -27 -322   136 340   60.69
100632 327.94 -2.56   0.01 0.07   -17 -304   130 335   83.69
99381 327.69 -2.69   0.01 0.07   -20 -329   124 345   60.54
99942 327.44 -2.31   -0.08 -0.24   -21 -329   123 350   60.88
99893 327.19 -1.37   -0.53 0.17   -12 -324   115 349   60.04
99340 327.06 -1.06   -0.11 0.05   9 -199   64 228   36.68
99910 327.00 -1.00   0.01 0.09   -2 -156   65 168   35.36
100029 326.87 -0.94   0.04 0.02   0 -154   58 169   34.85
99792 326.87 -0.31   -0.21 0.08   10 -155   49 177   34.40
100076 326.87 -0.25   0.07 0.04   1 -103   47 124   34.09
99840 326.87 -0.81   0.16 -0.04   -2 -109   46 118   33.70
100058 326.81 -0.69   0.07 -0.01   5 -136   41 160   33.22
99762 326.69 -1.25   0.01 0.09   0 -169   54 178   32.74
100070 326.62 -0.75   -0.08 0.16   0 -163   57 187   33.13
99985 326.62 -0.62   0.10 0.00   12 -129   31 146   33.60
99867 326.56 -0.69   0.23 -0.08   1 -142   48 149   33.13
101261 326.50 -1.69   0.16 0.19   5 -202   70 232   78.12
99983 326.37 -1.37   -0.10 0.14   13 -263   76 293   77.74
99998 326.25 -1.12   -0.04 0.04   11 -231   77 275   79.94
99956 326.12 -0.94   -0.04 0.02   13 -220   70 247   77.14
99936 326.00 -1.00   0.02 0.00   10 -189   65 218   76.03
99843 325.94 -1.06   0.00 0.08   11 -200   68 224   75.36
100047 325.81 -1.25   -0.01 0.06   7 -198   69 220   77.66
100034 325.69 -1.12   0.07 0.07   4 -212   74 235   78.72
99882 325.56 -1.25   0.00 0.06   10 -221   76 244   76.33
99988 325.44 -1.31   0.00 0.04   13 -249   82 289   76.54
99963 325.31 -0.81   -0.29 0.01   11 -233   76 276   75.87
99834 325.25 -0.75   -0.17 0.25   6 -174   59 179   75.32
100072 325.25 -0.25   -0.05 0.01   -1 -106   39 116   76.08
100034 325.25 -0.25   0.08 0.02   -6 -75   32 85   77.71
104820 325.25 -0.37   0.16 -0.01   -2 -91   35 101   143.12
93801 325.25 -0.56   0.09 0.01   1 -121   43 133   28.57
101310 325.19 -0.50   -0.14 0.00   7 -148   45 166   76.54
98555 325.19 -0.31   0.02 0.08   4 -109   41 128   26.50
99935 325.19 -0.44   0.26 -0.07   6 -106   40 111   26.74
99923 325.19 -0.75   -0.02 -0.07   11 -143   44 168   26.09
100043 325.06 -1.06   0.04 0.11   0 -179   60 195   28.83
102521 325.00 -0.81   -0.12 0.09   14 -185   60 217   103.53
99816 324.87 -0.75   0.11 -0.05   14 -159   51 169   100.34
99345 324.81 -0.81   0.18 0.02   8 -165   61 190   88.97
101381 324.69 -1.44   -0.02 0.08   16 -217   67 255   107.65
104469 324.62 -1.12   -0.02 0.16   11 -253   77 282   146.98
94059 324.50 -1.00   -0.12 0.01   8 -210   77 250   87.55
101568 324.44 -0.62   -0.02 0.00   1 -181   58 199   114.39
99164 324.37 -0.69   0.08 0.00   8 -155   53 183   100.17
104622 324.31 -0.94   0.12 0.00   7 -179   62 202   142.21
100269 324.19 -1.31   0.19 -0.06   11 -206   66 249   140.89
99652 324.06 -1.56   0.12 -0.01   16 -282   89 330   140.37
100503 323.94 -1.81   -0.01 0.00   15 -339   96 376   139.77
97039 323.75 -1.44   -0.20 0.19   26 -394   104 420   109.83
99028 323.62 -1.50   -0.06 0.03   34 -374   87 392   109.83
101547 323.44 -1.87   -0.12 0.66   19 -329   88 375   116.67
97216 323.37 -1.25   0.02 0.00   28 -321   77 357   98.05
98257 323.25 -1.69   -0.04 -0.07   17 -290   83 326   64.47
98674 323.12 -1.00   -0.11 -0.02   23 -318   83 347   17.15
99900 323.00 -1.06   0.15 0.04   25 -285   74 318   16.69
100176 322.87 -1.69   -0.16 -0.07   24 -330   85 364   18.32
99938 322.75 -1.06   -0.11 0.06   20 -346   83 370   17.10
107770 322.62 -0.69   -0.17 0.15   24 -318   87 340   134.03
100092 322.56 -0.75   -0.05 0.09   18 -254   65 269   135.40
99991 322.50 -0.50   -0.03 0.01   17 -203   50 223   133.79
100431 322.44 -0.75   0.14 -0.01   22 -207   52 228   137.80
97059 322.37 -0.81   0.10 0.00   28 -244   58 269   110.99
99620 322.25 -1.37   0.05 0.08   36 -317   68 335   109.57
98755 322.12 -1.25   -0.11 0.13   35 -344   77 362   99.68
105441 322.06 -0.88   -0.03 0.00   40 -360   79 381   172.12
94526 321.94 -1.12   0.06 0.01   33 -327   74 364   95.35
104211 321.87 -0.44   -0.11 -0.08   36 -346   65 351   129.98
99985 321.87 -0.37   0.00 0.00   44 -314   64 346   131.20
100273 321.81 -0.06   -0.04 -0.09   57 -350   52 352   139.43
99110 321.81 -0.31   0.17 -0.02   49 -343   49 383   119.96
99992 321.75 -0.31   -0.11 0.16   59 -405   52 405   115.09
100571 321.69 -1.19   -0.22 0.24   74 -428   45 447   135.85
98957 321.69 -0.19   -0.20 0.04   59 -368   42 409   113.33
100642 321.69 -0.25   0.00 0.09   50 -333   43 339   124.39
99811 321.69 -0.13   0.17 -0.07   45 -306   45 344   120.32
100042 321.69 -0.56   0.12 0.10   46 -363   35 383   121.64
100013 321.69 -0.31   -0.19 0.17   67 -393   50 441   123.02
99863 321.62 -0.13   -0.07 0.10   68 -401   45 422   122.71
275265 321.62 -0.37   0.15 -0.01   59 -359   49 381   3174.09
15304 321.62 -0.75   0.00 0.08   117 -731   81 777   121.85
14322 321.62 -0.62   -0.04 0.10   12 -66   6 70   123.89
274882 321.56 -1.00   -0.16 0.77   71 -388   45 418   3208.92
193131 321.56 -0.06   -0.10 0.14   154 -934   106 1037   3204.79
14405 321.56 -0.13   -0.10 0.06   158 -824   78 900   102.68
14217 321.56 -0.13   -0.08 0.07   13 -65   6 71   131.30
274139 321.62 0.31   -0.12 0.11   75 -389   31 420   3180.95
14231 321.62 0.44   -0.01 0.14   159 -729   33 804   100.28
12209 321.62 0.44   0.03 0.14   9 -42   4 46   102.32
98385 321.62 0.56   -0.13 0.22   69 -307   16 348   157.83
278143 321.75 0.56   0.03 0.03   80 -318   19 366   3227.34
12318 321.75 0.88   0.03 -0.09   155 -649   22 717   97.84
18216 321.75 1.00   -0.03 -0.05   10 -40   2 45   155.24
265378 322.00 0.50   -0.23 0.39   71 -302   15 348   3161.76
14259 322.00 1.06   -0.19 0.12   187 -727   -18 812   95.99
13468 322.06 2.06   -0.13 0.03   15 -61   -1 51   123.34
274574 322.44 1.37   0.08 0.03   84 -320   -12 364   3201.06
12870 322.44 1.25   0.11 0.13   171 -596   -31 703   92.56
27794 322.50 1.75   0.17 0.03   14 -52   -2 45   369.43
82528 322.62 1.62   0.00 0.14   83 -322   -23 364   153.48
99798 322.81 2.12   -0.09 -0.03   94 -349   -29 409   150.27
99986 323.06 2.44   0.06 0.12   103 -342   -42 372   149.67
99932 323.31 3.44   0.07 -0.03   98 -312   -58 381   148.96
112093 323.62 3.00   0.01 -0.09   112 -316   -67 361   371.38
99910 323.94 2.81   0.02 0.06   116 -320   -74 385   369.87
99931 324.25 3.56   0.16 0.05   124 -348   -75 402   368.76
100065 324.69 -5.06   -0.18 0.66   139 -363   -98 421   369.75
99928 324.87 2.75   -0.14 0.06   138 -370   -93 420   368.60
99635 325.19 2.94   -0.13 0.08   124 -321   -79 365   362.38
99918 325.44 2.69   -0.05 0.12   112 -293   -75 348   360.96
100123 325.75 2.69   0.00 0.02   109 -259   -75 324   362.96
99789 326.00 2.69   0.04 0.05   103 -249   -67 308   359.45
100062 326.25 3.00   -0.04 -0.12   114 -286   -78 331   360.53
99946 326.56 2.75   0.09 0.17   112 -279   -81 329   359.50
264462 327.44 3.56   0.03 0.14   126 -303   -86 350   3180.09
190934 328.25 -1.62   0.17 0.54   251 -573   -194 680   3163.33
11130 328.19 -6.00   0.03 0.32   282 -598   -229 716   79.32
197733 329.19 4.37   -0.10 0.06   26 -59   -20 68   3176.54
29538 329.31 4.25   -0.08 0.07   322 -666   -272 795   361.71
28639 329.44 4.00   0.00 0.04   41 -93   -38 124   360.63
77607 329.75 4.00   -0.08 0.03   122 -263   -86 285   360.36
99856 330.19 4.25   0.04 0.10   143 -311   -123 378   357.89
100026 330.62 4.62   0.01 0.14   151 -330   -120 370   358.30
100000 331.06 2.06   -0.08 0.05   155 -315   -132 390   358.30
264811 332.25 5.37   0.14 -0.11   151 -309   -116 349   3180.67
13737 332.44 9.38   -0.52 -0.20   316 -636   -278 756   128.42
16766 332.50 7.87   -0.50 0.37   21 -43   -25 68   130.08
91699 332.75 4.81   0.03 -0.01   147 -299   -127 359   128.87
99784 333.25 3.94   -0.17 0.08   153 -298   -134 372   124.61
100008 333.62 3.50   -0.16 0.06   125 -240   -109 310   125.26
99899 333.94 3.75   0.00 0.01   115 -213   -100 280   123.46
99974 334.31 3.44   -0.01 0.01   106 -178   -91 233   122.81
99865 334.69 3.31   0.10 -0.09   107 -179   -93 225   122.66
99941 335.00 3.62   0.04 0.00   108 -190   -94 242   121.64
100008 335.37 3.62   -0.01 -0.33   108 -197   -95 251   122.31
99923 335.75 3.37   -0.19 0.01   111 -223   -93 280   121.23
100003 336.06 3.00   -0.07 0.05   106 -187   -92 244   121.54
99924 336.37 3.25   0.13 -0.02   98 -171   -89 218   120.60
99918 336.75 3.44   -0.08 -0.01   101 -174   -91 220   120.43
99933 337.06 2.62   -0.03 0.15   109 -200   -96 251   118.16
99937 337.44 3.44   0.09 -0.01   97 -208   -86 270   117.99
99930 337.75 2.87   -0.05 0.02   104 -216   -82 263   117.44
99958 338.06 3.56   0.25 0.00   90 -204   -77 263   117.73
99918 338.37 3.87   -0.04 0.01   118 -246   -94 301   117.03
99982 338.75 3.31   -0.08 0.08   119 -274   -94 352   116.83
99849 339.06 2.94   -0.11 0.01   110 -246   -83 304   114.10
100041 339.37 2.75   -0.01 0.00   86 -211   -64 261   114.90
99948 339.62 2.50   0.09 0.00   76 -184   -60 246   114.01
100069 339.87 2.50   -0.03 -0.18   84 -206   -56 258   115.23
99907 340.06 2.31   0.11 -0.01   72 -228   -38 296   113.48
99969 340.31 2.94   0.19 -0.15   82 -246   -41 294   112.98
100067 340.56 2.75   0.06 0.11   77 -274   -41 349   114.17
100017 340.81 3.00   0.41 0.05   80 -301   -44 348   114.41
108901 341.12 3.50   -0.15 0.03   94 -356   -47 423   246.63
104081 341.44 3.19   -0.06 -0.24   93 -374   -42 425   337.03
95819 341.69 2.56   0.00 0.00   93 -352   -41 409   244.70
99861 341.94 2.62   0.07 0.01   91 -363   -29 411   242.47
99958 342.19 2.56   -0.05 -0.07   94 -380   -32 428   241.87
99893 342.44 2.25   -0.16 0.02   87 -391   -28 431   240.07
100035 342.69 2.44   0.10 0.04   84 -358   -13 402   240.01
99866 342.87 1.81   -0.06 -0.02   68 -331   -2 370   238.35
99983 343.06 1.69   0.02 -0.01   63 -339   15 374   238.01
99917 343.19 1.25   -0.01 0.09   62 -331   24 364   236.33
99938 343.31 1.50   0.19 -0.08   56 -357   35 384   235.56
99948 343.37 -0.25   0.02 0.02   32 -353   59 379   234.37
99866 343.37 0.06   0.00 0.02   23 -378   82 396   234.17
99941 343.37 0.06   0.01 0.02   22 -331   78 364   233.51
100024 343.37 -0.06   -0.05 -0.06   16 -343   76 347   233.79
99940 343.37 -0.56   0.10 -0.17   9 -329   96 358   232.35
99920 343.31 -0.81   -0.12 -0.11   5 -377   109 372   231.35
99931 343.19 -1.31   -0.14 0.18   -6 -365   113 379   232.55
99940 343.06 -1.06   -0.10 0.09   -27 -310   120 327   231.35
99913 342.94 -1.81   0.03 -0.11   -34 -269   113 268   229.78
99998 342.75 -2.06   -0.02 0.15   -48 -244   138 262   229.98
99968 342.50 -2.81   0.00 -0.08   -62 -246   143 233   231.54
99937 342.25 -3.31   0.00 -0.14   -77 -251   175 248   230.17
99999 341.81 -3.81   0.00 -0.12   -99 -277   207 266   229.71
99923 341.37 -5.69   0.03 -0.32   -107 -289   223 268   229.74
100039 340.75 -5.56   0.00 0.07   -148 -351   321 327   229.90
99978 340.00 -8.88   0.01 0.50   -175 -381   360 339   230.12
99842 339.25 -8.31   0.07 -0.17   -181 -411   381 372   230.82
99979 338.37 -8.25   -0.18 0.14   -195 -424   383 360   231.58
99957 337.69 -6.31   -0.14 0.26   -157 -344   355 328   231.46
99975 337.19 -4.94   -0.08 0.23   -136 -266   276 238   231.71
100017 336.75 -4.50   -0.07 0.12   -109 -204   216 190   233.27
99925 336.31 -4.87   0.05 0.02   -109 -203   207 179   232.25
99934 335.87 -4.37   -0.03 0.07   -110 -200   211 175   236.76
99926 335.50 -3.25   -0.05 0.12   -95 -183   182 165   234.85
100006 335.19 -3.37   0.04 -0.01   -77 -146   153 138   235.88
100040 334.81 -3.81   0.11 -0.15   -88 -153   159 133   236.62
100014 334.44 -4.19   -0.09 -0.08   -93 -171   182 162   236.86
273247 333.12 -4.31   -0.13 0.16   -110 -186   202 166   3193.33
24138 333.06 -4.06   -0.10 0.17   -234 -416   453 367   259.81
21689 332.94 -3.81   -0.05 0.19   -21 -36   46 36   260.22
82257 332.62 -4.25   0.02 -0.02   -87 -136   153 113   259.65
100074 332.19 -4.25   -0.02 0.00   -103 -155   198 141   260.85
100026 331.75 -5.06   -0.05 0.30   -111 -163   200 135   261.23
99883 331.31 -4.25   -0.06 0.13   -109 -161   210 142   259.51
100086 330.94 -4.25   0.00 0.06   -110 -145   193 119   260.78
99924 330.44 -5.19   -0.01 -0.10   -114 -147   214 127   259.53
100137 329.87 -6.06   -0.05 -0.04   -137 -177   255 147   261.71
99904 329.25 -6.69   0.02 -0.08   -164 -190   290 152   260.17
100059 328.62 -6.31   -0.12 0.05   -160 -179   307 158   261.16
99906 328.06 -5.94   -0.04 -0.16   -160 -171   276 139   259.63
100092 327.50 -4.81   -0.05 0.05   -150 -156   275 132   261.07
99986 327.00 -4.87   -0.05 -0.05   -141 -146   246 114   260.83
100087 326.50 -4.37   -0.08 0.11   -142 -140   269 121   262.33
99891 325.94 -5.44   0.00 0.18   -144 -129   244 101   260.49
100019 325.37 -5.19   -0.09 0.40   -166 -133   293 100   260.80
100058 324.87 -5.06   -0.06 0.06   -150 -116   246 85   261.55
99951 324.44 -4.25   -0.01 0.00   -139 -96   218 66   261.04
100047 323.94 -5.00   -0.02 0.00   -139 -95   217 64   261.81
100055 323.37 -6.00   -0.02 -0.02   -148 -101   254 75   262.65
99950 322.81 -6.37   -0.05 -0.01   -170 -119   284 79   261.85
100098 322.12 -6.44   -0.04 0.00   -184 -125   310 81   263.63
100133 321.56 -5.19   -0.03 0.23   -173 -112   298 81   265.83
99892 321.00 -5.31   -0.08 -0.05   -157 -100   256 69   264.18
100060 320.44 -5.12   -0.10 0.29   -165 -109   284 78   265.09
100029 319.81 -7.37   -0.05 0.31   -174 -114   294 78   265.62
100063 319.19 -5.81   -0.07 0.21   -184 -124   334 88   266.63
99957 318.56 -7.50   -0.01 -0.43   -183 -121   308 81   265.91
100144 317.81 -5.87   -0.04 0.39   -216 -143   374 95   268.28
100024 317.31 -4.81   -0.04 0.40   -166 -108   281 73   268.71
100005 316.94 -3.50   -0.03 0.13   -125 -81   207 55   268.69
99989 316.62 -3.31   -0.06 0.01   -109 -77   154 39   268.57
100063 316.25 -4.37   -0.06 -0.18   -113 -75   170 49   269.82
99990 315.75 -5.94   -0.07 0.02   -154 -91   246 58   269.56
100135 315.06 -6.81   0.00 0.20   -193 -114   301 66   271.96
100014 314.44 -6.12   -0.01 0.44   -194 -114   333 75   272.20
100114 313.87 -6.12   -0.02 -0.08   -178 -104   286 67   274.14
99993 313.19 -7.87   -0.07 0.57   -188 -111   317 77   274.02
100123 312.50 -8.94   0.03 0.35   -211 -132   357 87   276.10
100179 311.75 -7.19   -0.11 0.15   -215 -139   368 87   279.05
99904 310.94 -9.44   -0.15 0.04   -226 -141   381 88   277.47
100261 310.19 -7.37   -0.04 0.32   -235 -144   375 87   282.08
99894 309.69 -3.81   -0.01 0.24   -172 -103   277 62   280.06
99930 309.31 -3.81   -0.07 0.00   -119 -76   180 45   278.81
272130 307.87 -6.56   -0.05 0.07   -123 -78   191 51   3208.68
22725 307.69 -6.75   -0.04 0.06   -326 -204   538 128   282.03
24303 307.56 -6.81   -0.07 0.06   -39 -24   64 15   282.70
81467 307.00 -6.75   -0.14 0.15   -168 -106   276 64   286.46
99755 306.44 -6.62   -0.06 0.01   -186 -115   304 75   282.43
100217 305.69 -7.62   0.08 0.64   -205 -128   332 80   286.28
100165 305.12 -6.31   -0.01 0.16   -188 -122   307 76   287.93
270343 303.56 -7.75   0.05 0.45   -176 -116   292 68   3182.15
10678 303.44 -10.25   -0.18 0.55   -354 -226   582 141   54.45
12342 303.25 -12.63   -0.31 0.59   -30 -20   30 8   104.13
106583 302.56 -6.12   0.02 0.30   -207 -128   332 79   288.05
99921 302.00 -5.44   -0.09 0.11   -179 -116   273 64   286.85
100125 301.50 -5.62   -0.04 0.07   -160 -103   257 61   288.29
100090 300.94 -5.81   -0.07 0.12   -167 -105   252 58   289.20
100125 300.37 -5.44   -0.08 0.05   -167 -96   263 59   291.46
100026 299.81 -5.81   0.00 0.19   -171 -108   268 62   291.96
100157 299.25 -4.75   -0.11 0.08   -159 -105   256 60   295.43
100012 298.81 -5.31   -0.04 -0.08   -151 -98   236 52   295.07
269847 297.19 -8.00   -0.04 0.26   -168 -113   262 63   3194.75
10298 297.12 -7.37   -0.06 0.21   -362 -226   589 135   57.97
13276 296.94 -7.00   -0.07 0.19   -27 -16   28 6   119.95
106578 296.25 -8.75   -0.16 -0.29   -206 -114   336 75   295.01
88589 295.44 -9.00   0.07 0.52   -282 -147   410 83   60.64
103251 294.62 -6.25   -0.02 0.20   -240 -141   343 77   158.84
96555 294.06 -5.75   -0.09 0.20   -191 -131   298 78   57.95
280950 292.75 -4.31   -0.05 0.15   -163 -116   242 70   3189.80
9748 292.69 -4.31   -0.08 0.15   -294 -198   420 117   40.46
190738 291.81 -4.00   -0.05 0.36   -11 -8   17 5   3163.11
9457 291.81 -4.25   -0.02 0.41   -268 -183   395 104   39.19
11928 291.75 -4.06   -0.07 0.29   -11 -8   17 5   96.78
277625 290.37 -6.75   -0.03 -0.23   -118 -80   173 48   3177.19
9489 290.31 -6.75   -0.07 -0.30   -337 -236   533 121   26.19
9978 290.25 -6.25   -0.08 -0.11   -25 -18   29 7   27.51
98884 289.56 -8.06   -0.08 0.53   -215 -153   353 92   27.25
282272 287.44 -7.94   -0.08 0.36   -197 -137   341 85   3205.30
9022 287.44 -8.31   -0.09 0.29   -467 -319   734 191   29.84
195623 285.87 -17.25   -0.21 0.22   -18 -13   30 8   3210.46
10617 285.62 -22.12   -0.14 0.20   -476 -349   762 216   33.44
194089 283.75 -9.44   -0.06 -0.01   -25 -18   57 17   3210.63
9604 283.69 -5.00   -0.07 -0.09   -637 -407   962 247   35.98
280270 280.87 -13.13   -0.05 0.09   -329 -217   503 132   3191.72
10964 280.69 -15.13   0.06 0.55   -636 -425   968 242   80.30
194080 278.81 -8.56   -0.04 0.37   -40 -27   63 15   3192.11
12604 278.75 -9.06   -0.06 0.27   -576 -377   875 228   56.94
192270 277.19 -7.25   -0.08 0.05   -31 -21   48 12   3189.76
11110 277.12 -7.00   -0.08 0.06   -455 -299   722 183   82.66
98482 276.50 -7.25   -0.06 0.10   -222 -142   352 88   83.07
281520 274.12 -8.63   -0.05 0.65   -219 -144   350 91   3209.69
8199 274.00 -12.31   -0.13 0.34   -503 -336   782 196   28.78
11231 273.94 -12.06   -0.13 0.17   -20 -14   32 9   84.96
98813 273.19 -8.19   -0.09 -0.14   -226 -148   371 94   84.26
99648 272.44 -8.81   0.02 -0.16   -247 -158   407 97   69.80
100385 271.56 -1.25   -0.08 0.20   -258 -167   384 94   86.25
98421 270.87 -7.75   -0.04 0.18   -217 -149   358 93   31.50
99960 270.12 -7.44   -0.12 0.05   -217 -153   338 89   32.12
101371 269.31 -7.50   -0.08 -0.04   -213 -154   363 102   86.74
100118 268.62 -7.19   -0.05 -0.06   -210 -156   337 95   90.71
280794 266.19 -7.94   -0.23 -0.09   -212 -151   366 104   3186.38
194564 263.87 -18.87   -0.14 0.91   -553 -381   832 229   3181.57
10613 263.62 -22.50   0.02 0.09   -711 -492   1124 286   22.88
193810 261.69 -12.69   0.03 0.72   -65 -43   75 19   3174.09
8495 261.69 -12.44   -0.24 0.37   -718 -503   1118 287   20.91
9688 261.56 -12.44   -0.18 0.29   -29 -20   45 11   22.23
99962 260.50 -13.75   0.21 1.20   -339 -234   539 143   23.65
99890 259.50 -11.63   -0.16 0.56   -345 -244   537 148   23.91
100068 258.44 -10.88   -0.09 -0.74   -324 -221   502 136   25.93
99985 257.37 -24.31   0.12 0.56   -352 -245   544 145   28.01
99953 256.62 -7.25   0.05 0.41   -266 -173   410 109   30.05
99953 255.81 -7.56   -0.09 0.49   -240 -164   374 101   28.98
100055 255.19 -6.00   -0.09 0.05   -186 -133   315 89   30.85
100027 254.56 -6.12   -0.10 -0.18   -183 -132   296 87   33.20
100510 254.00 -5.19   -0.13 -0.06   -177 -134   313 90   49.48
99818 253.37 -7.81   -0.08 -0.16   -193 -137   303 83   49.89
99905 252.62 -7.19   -0.02 -0.41   -221 -160   381 110   48.23
99997 251.75 -8.94   -0.12 -0.11   -259 -181   391 112   49.94
99965 250.94 -9.50   0.01 -0.17   -268 -182   408 114   49.13
99924 250.00 -8.56   -0.16 0.12   -296 -210   462 130   48.36
99360 249.25 -7.75   -0.09 0.00   -291 -197   411 113   24.71
99671 248.50 -9.06   -0.05 -0.05   -268 -176   400 108   17.00
104762 247.62 -7.50   -0.09 0.20   -249 -188   373 109   121.23
95977 246.94 -8.00   -0.13 0.48   -231 -164   360 100   49.03
287154 245.19 -5.94   -0.11 0.04   -216 -152   313 86   3210.98
10304 245.12 -6.00   -0.01 -0.23   -401 -282   615 173   17.51
7386 245.06 -6.25   -0.01 -0.24   -17 -12   26 6   18.81
94304 244.44 -8.00   -0.05 0.45   -213 -152   321 87   19.28
99964 243.75 -6.06   -0.20 -0.13   -224 -152   340 88   20.70
100005 243.06 -7.50   -0.07 0.37   -233 -145   351 80   20.96
99971 242.44 -6.44   -0.10 0.41   -239 -145   358 85   22.02
99918 242.00 -3.44   -0.11 0.24   -194 -107   287 52   22.23
100093 241.69 -0.31   -0.35 0.19   -187 -66   245 11   23.29
99981 241.75 1.44   -0.07 0.08   -199 -25   203 -36   23.08
99887 241.87 -0.13   -0.12 0.13   -206 -15   205 -53   24.61
99994 241.69 -2.94   -0.16 0.09   -209 -12   223 -52   26.24
99995 241.37 -3.75   -0.20 -0.34   -237 16   304 -90   27.20
100023 240.94 -3.69   -0.26 0.01   -309 40   342 -110   32.17
101045 240.56 -5.25   0.10 0.52   -345 65   388 -157   52.56
100106 240.19 -5.62   0.05 0.38   -412 83   423 -185   54.30
100097 239.69 -9.69   0.18 0.80   -396 86   443 -191   55.91
100038 239.50 -3.87   0.18 0.36   -370 93   376 -167   56.63
100051 239.25 -1.87   0.18 0.23   -323 78   353 -164   57.59
100040 239.06 -2.75   0.20 0.48   -239 56   249 -116   58.24
100040 239.00 -0.13   0.00 0.11   -142 45   152 -85   59.05
100002 239.00 0.13   -0.15 0.07   -111 49   107 -68   59.05
100051 239.06 0.06   -0.18 -0.06   -118 50   119 -83   59.90
100068 239.06 0.56   -0.31 -0.20   -163 68   140 -110   61.07
100018 239.06 0.44   -0.23 -0.01   -238 107   230 -175   61.28
100128 239.19 1.50   -0.07 0.13   -322 163   288 -243   63.46
98919 239.37 1.94   0.06 0.33   -366 207   319 -311   44.88
101223 239.69 3.75   -0.02 -0.07   -366 237   288 -327   65.99
100104 240.06 3.69   0.34 0.22   -410 256   334 -372   67.71
98914 240.69 4.94   0.11 0.19   -425 272   326 -387   49.13
100166 241.25 7.37   0.26 0.07   -468 289   356 -412   52.03
101191 241.87 8.50   -0.01 0.07   -420 234   329 -373   72.32
100130 242.56 7.94   0.32 0.24   -413 240   290 -344   74.62
98641 243.31 7.56   0.28 0.15   -349 189   223 -300   51.38
99942 244.00 7.12   0.34 0.19   -307 148   181 -201   50.37
98853 244.75 7.56   -0.02 0.07   -212 87   130 -139   30.72
102808 245.44 7.12   -0.17 -0.04   -196 81   107 -125   78.72
100033 246.25 9.25   -0.23 -0.18   -228 97   128 -146   79.13
96361 247.25 10.69   -0.04 -0.01   -316 139   180 -198   16.98
100164 248.37 11.75   0.01 -0.12   -357 142   206 -222   19.83
103606 249.56 12.44   -0.09 0.00   -389 161   223 -246   81.72
100126 250.81 13.56   0.15 0.09   -387 180   220 -267   83.85
96339 252.12 13.25   0.01 0.13   -402 195   217 -292   20.89
100044 253.37 12.88   0.00 0.01   -376 192   190 -270   21.59
100034 254.69 13.06   -0.07 0.07   -370 192   200 -285   22.36
100045 256.00 18.25   0.24 -0.10   -386 218   183 -299   23.12
100090 257.06 10.75   0.03 0.14   -313 172   153 -252   24.54
100019 258.12 10.25   -0.03 0.14   -272 177   119 -229   25.06
100063 259.12 9.56   0.06 0.11   -242 191   115 -266   25.97
100083 260.06 10.06   0.37 -0.02   -234 222   93 -280   27.34
100046 260.94 8.44   -0.03 0.03   -211 189   93 -253   28.14
100065 261.81 9.56   -0.12 0.00   -210 196   87 -239   29.46
100088 262.81 11.19   -0.10 -0.16   -230 240   88 -328   30.94
100058 263.87 7.94   0.32 0.08   -267 259   99 -332   31.95
100105 264.75 8.31   0.06 0.09   -208 206   90 -287   33.67
100019 265.56 8.63   -0.21 0.03   -177 204   53 -253   34.04
285252 267.81 7.69   0.03 0.00   -170 256   31 -332   3191.82
9899 267.87 7.62   0.11 -0.06   -271 470   25 -561   36.44
21240 268.06 7.31   0.10 -0.22   -9 16   0 -30   256.68
88066 268.62 6.50   -0.05 0.04   -105 190   -6 -211   106.95
96048 269.25 7.12   -0.09 0.05   -100 203   -18 -235   42.57
100013 270.06 8.50   -0.08 0.04   -87 232   -48 -269   42.91
99938 270.94 9.56   -0.06 0.00   -93 305   -73 -327   41.90
100126 271.94 10.31   0.12 0.00   -96 324   -80 -352   44.02
99773 272.87 9.75   -0.07 0.09   -88 342   -103 -366   39.98
99872 273.87 9.63   0.03 0.09   -82 321   -96 -341   37.83
99967 274.87 11.06   -0.18 0.14   -81 337   -105 -361   37.23
99785 276.06 12.94   -0.13 -0.33   -65 386   -144 -403   33.73
99831 277.25 11.63   0.17 -0.10   -59 421   -174 -441   30.78
100017 278.31 9.25   0.20 -0.04   -58 358   -138 -379   31.09
100114 279.19 10.31   -0.20 0.02   -54 316   -126 -338   32.88
100004 280.06 6.81   0.17 -0.13   -38 288   -124 -304   32.96
100160 280.62 4.56   0.33 -0.02   -32 173   -76 -182   35.86
99396 280.94 2.31   0.13 -0.11   -10 103   -57 -105   25.42
106344 281.12 1.06   -0.01 -0.08   -10 53   -32 -56   134.25
100006 281.25 1.12   -0.04 0.07   -16 25   -4 -27   134.32
102469 281.37 2.12   -0.09 -0.07   -14 37   -18 -41   176.61
99937 281.69 3.81   -0.20 -0.01   -34 57   -12 -65   175.55
100000 282.25 7.37   0.05 -0.04   -64 92   -7 -112   175.51
92271 283.00 8.69   -0.04 -0.03   -109 128   0 -146   43.01
99982 283.87 8.88   0.00 0.10   -125 144   8 -178   42.82
100153 284.69 7.56   0.27 -0.12   -110 160   -13 -176   45.34
100070 285.25 6.00   0.10 -0.01   -79 109   -9 -134   46.58
100013 285.75 4.56   0.15 0.02   -68 99   -12 -104   46.87
107655 286.19 3.19   0.07 0.00   -37 74   -29 -86   178.46
100074 286.44 1.94   0.03 -0.01   -24 52   -18 -56   179.44
99955 286.62 2.06   -0.04 -0.04   -15 31   -8 -35   178.67
100022 286.87 3.37   -0.03 -0.12   -31 36   3 -38   179.29
100070 287.37 7.56   -0.47 0.09   -72 64   19 -80   180.14
91675 288.31 12.63   -0.09 -0.14   -135 173   2 -195   37.28
108503 289.75 13.25   0.11 0.10   -174 221   10 -280   183.23
100000 290.94 11.06   0.12 -0.05   -184 225   10 -269   183.23
100093 292.00 11.13   0.00 0.01   -171 192   27 -236   184.96
100023 293.06 10.81   0.05 0.00   -147 198   0 -232   185.31
92457 294.00 11.38   0.26 -0.22   -117 228   -47 -254   52.46
107701 295.06 9.06   -0.03 0.09   -99 201   -49 -222   188.00
104681 296.12 10.44   0.04 0.01   -94 202   -61 -227   268.05
100033 297.12 10.31   0.38 -0.22   -71 251   -98 -274   268.65
100069 297.94 7.87   0.05 0.09   -44 237   -108 -245   269.92
99961 298.81 10.31   -0.17 0.37   -18 200   -114 -201   269.12
100037 299.87 10.00   0.05 -0.06   38 305   -213 -296   269.98
100084 300.87 10.31   -0.07 -0.26   51 316   -224 -301   271.38
99960 301.87 10.94   0.00 0.00   50 333   -224 -314   270.68
100160 303.00 11.31   0.01 0.11   43 334   -216 -324   273.44
100654 304.19 13.69   -0.23 0.13   58 378   -282 -371   273.32
99904 305.56 13.94   0.01 0.19   75 441   -328 -428   272.55
270709 309.75 18.69   0.59 -0.19   90 539   -386 -505   3190.84
8585 309.87 16.12   0.56 -0.08   172 1128   -775 -1085   39.67
195781 312.00 8.69   0.18 -0.27   13 71   -32 -46   3202.33
9427 312.12 8.44   0.13 -0.37   128 873   -582 -845   50.83
192268 313.56 8.25   -0.01 -0.01   2 27   -21 -41   3173.06
9461 313.62 8.31   -0.01 0.00   36 623   -319 -607   50.73
9536 313.69 8.31   -0.02 -0.02   2 28   -15 -27   53.29
90858 314.50 9.56   0.20 0.15   24 339   -182 -317   49.20
99933 315.37 10.25   -0.03 0.15   23 394   -216 -410   49.61
283345 318.25 8.81   0.13 0.00   35 470   -249 -444   3178.72
8394 318.37 7.81   0.13 0.25   60 893   -478 -886   36.56
28406 318.56 9.31   -0.03 -0.01   0 35   -15 -34   379.89
79991 319.31 12.50   0.11 -0.60   10 431   -203 -421   54.69
280266 320.87 4.81   -0.12 -0.06   11 376   -171 -369   3146.37
9506 320.94 4.87   -0.10 -0.05   -10 467   -191 -465   53.75
10274 321.00 4.87   -0.11 -0.01   -1 30   -11 -30   55.51
100431 321.50 6.19   -0.17 0.07   -24 270   -95 -278   62.92
100125 322.19 7.56   -0.02 0.04   -27 365   -122 -367   65.10
99715 323.00 8.25   -0.10 0.00   -26 422   -146 -400   60.33
100324 323.81 7.94   0.12 -0.02   -33 432   -155 -442   65.80
286317 325.62 5.50   0.02 -0.12   -33 435   -144 -419   3209.83
7868 325.69 5.75   0.02 -0.10   -34 665   -246 -675   27.05
193087 326.56 4.25   0.03 -0.06   -1 25   -9 -49   3177.16
7752 326.56 4.25   0.03 -0.06   -24 480   -185 -486   25.21
7930 326.62 4.31   0.03 -0.03   0 18   -7 -16   28.21
95029 327.00 5.31   -0.30 0.17   -6 212   -90 -215   27.94
285582 328.50 4.62   0.19 -0.15   -3 307   -118 -294   3179.28
7821 328.56 4.50   0.22 -0.08   -23 551   -207 -559   26.38
194936 329.31 3.50   0.07 -0.01   -1 20   -7 -21   3197.63
7856 329.37 3.37   0.07 -0.01   -12 388   -170 -387   26.89
13685 329.44 3.37   0.09 0.00   -1 13   -5 -14   126.93
95654 329.69 2.31   0.36 -0.24   -4 149   -64 -146   126.31
102163 329.81 0.37   0.03 0.09   -11 69   -22 -68   124.65
100325 329.81 0.25   -0.10 0.01   7 -9   -7 9   137.42
99653 329.81 0.37   -0.08 0.00   0 -1   0 1   125.02
92270 329.81 0.44   -0.03 0.00   0 0   1 0   30.34
99998 329.81 0.06   -0.01 0.03   -2 4   2 -6   30.24
100094 329.87 1.06   -0.17 0.05   0 13   -4 -12   31.86
99937 330.00 1.50   -0.15 0.09   -1 45   -28 -49   30.80
100085 330.19 2.44   -0.13 0.11   -15 87   -33 -87   32.26
102806 330.44 3.06   -0.17 0.08   -8 125   -59 -130   80.33
102798 330.81 3.75   -0.02 -0.01   -8 179   -75 -172   128.35
97161 331.19 4.50   -0.22 0.10   -3 200   -89 -210   79.63
103589 331.69 4.75   0.00 -0.10   -6 268   -107 -279   138.49
99798 332.19 4.87   0.06 0.04   -12 269   -103 -263   134.83
279896 333.44 4.44   -0.15 0.07   0 286   -115 -284   3171.07
12126 333.56 4.81   -0.03 0.01   -9 515   -199 -503   100.36
15214 333.56 4.75   -0.01 0.00   0 32   -13 -35   135.97
93006 334.00 4.94   0.05 -0.03   -6 264   -102 -275   137.44
97774 334.44 3.75   0.12 -0.03   -9 256   -99 -268   103.74
102726 334.75 3.50   -0.06 0.08   -11 206   -78 -203   147.58
99673 335.12 4.69   -0.25 -0.07   2 211   -100 -224   140.32
99786 335.62 3.75   0.09 -0.01   0 292   -112 -288   137.18
99905 335.94 3.62   0.07 0.02   -5 247   -99 -264   136.17
100147 336.31 2.87   0.11 -0.07   -10 215   -81 -214   138.49
100258 336.56 2.56   0.04 0.00   -14 164   -64 -173   143.58
98280 336.75 2.25   -0.03 0.04   -6 148   -54 -148   112.73
102138 337.00 2.87   -0.19 0.07   -3 151   -57 -164   150.58
98001 337.37 3.81   -0.20 0.15   -14 212   -70 -213   115.06
99901 337.75 4.56   -0.11 -0.07   -21 309   -109 -332   114.44
101490 338.25 5.37   -0.07 0.08   -33 365   -102 -389   139.36
92989 338.81 5.31   -0.14 -0.21   -34 429   -137 -458   23.03
99935 339.37 6.31   -0.25 0.31   -39 448   -137 -495   21.87
100004 340.00 6.37   0.07 0.23   -34 535   -166 -595   21.81
100097 340.62 6.44   -0.05 -0.34   -48 546   -166 -598   23.60
104973 341.19 6.62   0.48 -0.02   -62 569   -146 -627   99.86
101140 341.81 5.06   0.41 -0.03   -47 537   -149 -596   112.42
94086 342.25 4.37   0.30 -0.14   -49 448   -117 -495   26.89
106863 342.69 3.94   0.13 -0.09   -36 354   -95 -386   144.75
96170 343.00 3.69   0.13 0.03   -33 337   -91 -370   78.86
101901 343.37 3.44   0.03 -0.02   -22 295   -90 -338   108.20
102114 343.75 3.87   0.10 -0.07   -30 319   -94 -364   147.83
96717 344.06 2.94   0.19 0.22   -29 324   -85 -362   78.80
107632 344.37 3.69   -0.17 0.06   -26 320   -87 -362   194.58
91874 344.69 3.06   0.11 -0.24   -23 343   -94 -368   78.98
101474 345.00 3.25   0.08 0.01   -32 298   -83 -356   104.65
99068 345.37 3.37   0.27 -0.21   -34 327   -87 -349   80.48
96543 345.62 2.37   0.14 -0.05   -32 284   -81 -332   33.13
99984 345.87 2.87   -0.13 0.09   -31 260   -67 -283   32.88
103010 346.19 2.25   0.26 -0.27   -35 278   -75 -326   80.28
99909 346.37 1.69   0.37 -0.04   -37 216   -40 -238   79.73
100034 346.50 0.88   0.24 0.02   -20 116   -27 -140   80.74
101119 346.56 0.69   -0.10 0.06   -6 54   -20 -60   80.38
99936 346.62 1.06   -0.11 0.07   -11 55   -21 -64   80.91
99043 346.75 1.37   -0.29 0.14   -22 92   -27 -102   81.96
99913 346.94 2.19   -0.27 0.12   -24 149   -35 -169   79.71
99061 347.19 2.94   -0.23 0.15   -39 239   -49 -259   64.35
98167 347.50 3.50   0.00 0.25   -43 314   -65 -363   36.12
99991 347.87 4.12   0.00 0.05   -55 387   -71 -405   36.03
100102 348.25 4.19   0.25 -0.13   -64 413   -78 -452   37.73
100079 348.62 4.12   -0.14 0.14   -51 393   -76 -426   38.96
102241 349.00 0.56   0.12 0.05   -71 462   -89 -515   65.87
100067 349.37 6.00   0.05 -0.38   -67 443   -89 -503   67.09
99834 349.81 4.00   0.04 0.02   -61 442   -89 -495   68.36
100272 350.25 4.37   0.43 -0.46   -64 400   -80 -440   68.70
99908 350.56 3.87   0.36 -0.06   -54 403   -80 -440   71.21
99679 350.87 2.62   0.30 -0.03   -41 290   -57 -324   70.07
100103 351.06 1.75   -0.09 -0.01   -30 211   -46 -232   70.95
99913 351.25 2.25   -0.46 0.17   -29 199   -45 -225   71.10
100094 351.56 3.37   -0.33 0.07   -41 324   -68 -361   71.50
100571 351.94 3.37   -0.17 0.02   -52 431   -91 -470   74.35
100478 352.37 3.87   0.26 -0.08   -58 510   -108 -565   93.33
100153 352.69 4.19   0.55 -0.10   -56 509   -104 -539   95.87
100992 353.06 2.44   0.47 0.24   -49 484   -111 -565   109.73
100121 353.31 1.50   0.43 -0.02   -35 441   -101 -458   111.10
99732 353.56 2.62   -0.04 0.10   -26 327   -81 -357   110.69
100090 353.75 1.12   0.45 -0.10   -21 336   -82 -358   111.96
100016 353.94 1.50   0.12 0.00   -11 233   -63 -245   112.25
99896 354.06 1.25   0.16 -0.04   -9 193   -55 -200   110.43
100475 354.19 1.44   0.00 0.04   -15 163   -43 -177   112.37
99584 354.37 1.44   -0.03 0.05   -16 185   -52 -201   111.46
100104 354.50 1.75   -0.08 0.05   -16 222   -60 -233   113.12
100404 354.69 2.06   -0.08 0.00   -19 287   -73 -312   113.17
99857 354.94 2.37   -0.15 0.06   -16 334   -84 -358   113.33
102042 355.19 2.12   0.16 -0.38   -26 418   -100 -442   114.49
98198 355.44 2.25   0.00 -0.05   -25 421   -99 -427   115.21
101580 355.62 1.12   -0.05 -0.12   -24 392   -98 -440   115.90
99669 355.81 2.87   -0.31 -0.08   -22 424   -103 -434   115.87
100585 356.06 2.69   0.08 -0.20   -18 451   -120 -491   117.07
100758 356.25 2.00   0.35 -0.48   -20 441   -113 -456   118.30
98821 356.44 1.87   0.36 -0.19   -19 398   -107 -438   119.47
100200 356.62 1.56   0.05 0.06   -3 352   -90 -357   120.14
100110 356.75 1.75   -0.03 0.04   -4 323   -90 -352   120.80
99829 356.94 1.94   -0.10 -0.08   -3 361   -91 -378   120.29
100742 357.12 1.94   -0.27 0.12   -14 394   -99 -418   123.33
101053 357.37 1.81   0.25 0.16   -16 502   -124 -536   123.07
99938 357.50 2.12   0.56 -0.19   -18 508   -120 -521   124.56
100025 357.69 2.44   -0.05 0.04   -6 468   -128 -519   125.57
99970 357.87 0.75   0.41 0.28   2 542   -136 -552   125.83
100045 358.00 0.50   0.44 -0.39   9 501   -149 -559   128.11
97357 358.06 1.31   0.40 -0.29   24 455   -129 -454   104.31
100293 358.12 0.69   0.00 0.02   17 360   -109 -391   104.00
100067 358.12 0.69   -0.04 0.10   16 358   -102 -352   104.72
102101 358.25 0.81   0.18 0.00   29 367   -110 -395   131.75
98701 358.31 0.62   -0.04 0.04   17 377   -108 -377   108.58
101289 358.31 0.06   0.15 -0.12   19 379   -115 -406   133.44
99947 358.37 0.44   0.03 0.01   22 395   -111 -388   133.38
99979 358.37 -0.06   0.36 -0.05   17 342   -107 -366   135.79
99942 358.44 0.50   0.10 0.01   16 260   -77 -257   135.91
100042 358.44 0.56   -0.02 0.09   17 239   -78 -252   138.57
99886 358.44 0.06   -0.05 0.00   18 267   -87 -286   136.63
100084 358.50 0.88   -0.06 0.11   16 286   -85 -282   138.91
99885 358.50 0.44   0.31 -0.14   23 267   -95 -296   137.44
99968 358.56 0.62   0.05 0.06   17 268   -83 -270   139.28
276601 358.56 0.50   -0.10 0.09   17 228   -76 -236   3194.93
14621 358.56 0.31   -0.16 0.15   28 395   -133 -380   139.89
17469 358.56 0.37   -0.17 0.15   2 24   -9 -23   141.25
91228 358.62 0.62   -0.19 0.20   18 227   -73 -226   141.01
100935 358.69 0.62   0.00 0.00   27 336   -106 -352   180.85
98958 358.75 0.50   -0.06 0.03   29 410   -117 -393   144.54
99480 358.81 0.00   -0.27 0.00   29 429   -132 -447   126.07
100669 358.87 1.12   0.28 0.04   30 503   -135 -481   152.76
110614 358.94 1.37   0.23 0.10   29 493   -145 -493   348.51
267489 359.06 0.69   0.50 -0.03   25 436   -128 -437   3221.27
17056 359.06 0.75   0.27 -0.35   50 857   -250 -846   150.44
24930 359.12 0.50   0.09 0.00   8 67   -22 -65   301.57
89072 359.19 1.19   0.25 0.00   32 334   -105 -334   302.65
90473 359.31 1.37   -0.02 0.14   42 349   -120 -361   150.94
100079 359.44 1.87   -0.36 0.31   48 391   -134 -374   154.49
100660 359.75 3.44   -0.03 0.22   70 511   -211 -524   176.58
99692 0.13 3.87   -0.26 -0.02   115 685   -301 -637   171.41
100222 0.50 5.25   -0.08 -0.37   139 766   -377 -750   175.12
99791 0.88 2.44   0.07 -0.50   155 837   -382 -746   171.65
275770 1.69 3.12   0.20 -0.15   154 774   -390 -759   3186.14
16833 1.75 2.75   0.08 -0.11   228 1088   -539 -1023   178.48
17352 1.81 2.56   0.00 0.15   14 70   -33 -67   189.97
90247 2.06 3.00   0.00 0.13   87 399   -203 -399   175.00
100052 2.44 3.56   0.18 -0.08   113 517   -267 -477   175.77
99935 2.75 3.37   0.14 -0.08   106 487   -268 -491   174.93
99919 3.06 2.56   0.61 -0.06   110 472   -252 -459   173.49
100081 3.37 3.50   0.24 0.03   105 446   -240 -426   174.71
100186 3.69 2.50   0.20 -0.25   109 446   -250 -430   177.97
100134 4.00 3.69   -0.10 0.32   90 372   -203 -365   180.37
99782 4.31 1.06   0.43 -0.13   118 424   -269 -414   174.76
100005 4.56 1.94   0.40 -0.31   90 339   -197 -343   176.73
99917 4.75 1.56   0.23 -0.12   64 228   -128 -206   175.22
100082 4.87 1.12   0.06 0.03   39 128   -85 -129   176.58
100529 5.00 1.37   -0.09 0.12   33 107   -68 -101   178.81
99675 5.12 2.00   -0.17 0.27   39 141   -85 -144   176.03
274758 5.94 3.81   -0.12 0.17   58 211   -135 -217   3174.19
18381 6.00 4.19   -0.04 0.15   182 703   -416 -700   179.20
18216 6.06 4.19   0.21 -0.02   24 93   -45 -74   180.56
90550 6.44 4.50   0.10 -0.11   107 409   -255 -403   180.14
275079 7.37 2.31   0.24 -0.37   108 429   -273 -446   3211.03
192934 7.87 2.31   0.15 -0.15   216 859   -522 -849   3201.05
194562 8.31 2.06   0.51 -0.25   158 610   -342 -606   3177.98
192759 8.56 0.81   0.16 -0.07   142 562   -317 -557   3198.17
195406 8.69 0.88   -0.06 0.10   64 211   -139 -209   3201.17
192235 8.94 2.19   -0.13 0.09   21 83   -48 -83   3164.07
195164 9.44 2.94   0.00 0.04   51 210   -126 -215   3223.99
191951 10.13 5.62   -0.26 0.03   73 401   -210 -405   3184.75
192794 11.44 9.00   -0.27 -0.09   33 527   -220 -538   3195.51
192630 13.38 11.31   0.28 -0.08   -130 719   -177 -751   3195.70
17529 13.50 10.75   0.37 -0.03   -316 822   -83 -934   188.94
240016 15.81 9.69   0.43 -0.23   -120 261   -10 -285   3177.81
192961 17.12 4.87   0.07 -0.03   -361 633   41 -718   3201.12
193043 18.12 6.69   -0.11 -0.07   -318 417   103 -501   3165.72
193140 19.37 7.19   -0.09 0.01   -287 363   105 -430   3188.79
191925 20.81 6.75   -0.12 -0.10   -355 473   132 -564   3183.78
196026 22.06 5.87   0.33 0.07   -417 624   134 -707   3207.56
16725 22.19 5.56   0.28 0.02   -464 709   182 -815   154.86
42656 22.37 5.12   0.24 0.00   -83 131   32 -147   155.21
99653 22.81 4.44   0.25 0.05   -181 306   73 -330   153.85
100443 23.19 3.62   -0.18 0.09   -148 269   63 -324   155.31
100055 23.50 3.25   -0.08 -0.04   -156 313   63 -358   156.44
99824 23.81 2.62   0.07 -0.13   -153 339   54 -376   157.51
100100 24.12 3.06   -0.04 0.00   -166 342   62 -382   159.74
99883 24.44 2.50   0.08 -0.12   -167 370   60 -394   159.32
99960 24.62 2.50   0.22 0.03   -157 336   70 -393   161.00
100016 24.81 1.87   0.03 -0.08   -151 333   62 -359   161.30
99990 25.00 2.31   0.08 -0.10   -137 295   62 -356   162.82
99880 25.19 1.62   0.04 0.01   -125 272   50 -320   163.03
100049 25.31 1.69   0.11 0.00   -121 255   48 -304   165.02
99995 25.50 1.00   0.08 -0.02   -118 256   51 -302   166.89
99988 25.56 1.12   0.25 -0.05   -101 223   42 -272   167.90
99988 25.56 0.06   0.03 -0.02   -95 222   49 -258   169.39
273588 25.69 0.44   0.07 0.01   -87 192   42 -231   3165.62
191202 25.75 0.31   0.11 0.00   -158 366   71 -434   3171.94
16240 25.62 -8.50   1.02 0.02   -224 510   117 -614   168.36
18404 25.56 -11.00   0.99 -0.14   -22 54   9 -54   157.13
99556 25.56 -0.56   0.26 -0.02   -60 195   28 -245   143.27
277345 25.44 -0.94   -0.30 0.05   -46 122   19 -131   3189.25
13332 25.44 -1.19   -0.30 0.05   -91 250   51 -299   100.50
193815 25.06 -2.37   -0.01 0.06   -11 29   5 -26   3209.79
14721 25.00 -2.12   0.01 0.06   -144 438   98 -555   95.87
98909 24.81 -2.31   -0.03 -0.02   -78 237   48 -285   108.30
277466 24.37 0.69   0.43 0.00   -84 229   51 -284   3196.07
13856 24.12 -26.44   0.35 0.19   -93 197   72 -232   97.05
12286 24.25 29.19   -0.53 -0.06   -1 1   1 -2   103.09
96155 24.31 1.25   0.06 0.02   -1 2   1 -2   102.66
277083 23.75 23.19   -0.89 0.81   -8 -1   12 0   3185.27
13813 23.75 1.56   0.45 0.47   -225 -91   345 17   91.82
191424 23.06 -1.31   0.04 0.23   -21 -16   44 14   3172.15
10203 23.00 -6.62   0.14 0.24   -214 -169   327 115   67.25
191543 22.75 -11.56   0.27 0.09   -9 -7   10 3   3172.48
8259 22.81 5.31   -0.08 0.01   -87 -73   135 49   33.80
9298 22.81 11.88   -0.20 -0.01   -1 -1   2 1   34.27
91218 22.75 -1.62   0.02 0.05   -14 -19   25 14   25.52
107479 22.69 -2.25   0.17 -0.24   -29 -38   61 31   115.92
92642 22.19 2.06   -0.16 1.10   -55 -71   112 60   27.49
99944 22.37 -3.19   0.14 0.12   -3 -3   7 2   26.63
100004 22.50 5.06   -0.01 0.04   0 0   0 0   26.63
100003 22.50 1.87   0.02 0.09   0 0   0 0   26.63
99993 22.50 -0.25   0.04 0.10   0 0   0 0   26.63
100028 22.56 0.25   0.03 0.10   0 0   0 0   27.05
100001 22.56 0.06   0.03 0.09   0 0   0 0   27.05
100050 22.56 0.37   0.06 0.09   0 0   -1 0   27.90
99997 22.62 0.81   0.00 0.09   0 0   0 0   27.90
100001 22.62 0.00   0.04 0.09   0 0   0 0   27.90
100000 22.69 0.62   0.01 0.09   0 0   0 0   27.90
100634 22.69 0.06   0.03 0.07   0 0   0 0   27.90
100017 22.75 0.56   0.04 0.10   0 0   0 0   28.31
100121 22.75 0.75   0.02 0.07   1 0   -1 0   27.90
100220 22.81 0.31   0.02 0.08   1 1   -3 0   27.44
100139 22.87 1.31   0.01 0.11   1 0   -1 0   27.44
99927 22.87 -0.56   0.02 0.13   0 0   0 0   27.44
100161 22.94 0.62   0.06 0.03   1 0   -1 0   27.44
100358 23.00 1.87   -0.01 0.04   0 0   -1 0   27.85
100273 23.00 -0.50   0.05 0.14   1 1   -2 0   27.85
99787 23.06 2.31   0.02 0.11   0 1   0 0   27.85
100323 23.12 0.25   0.04 0.11   0 0   0 0   27.85
100044 23.12 2.25   0.01 0.10   0 0   -1 0   27.85
99311 23.19 1.19   0.03 0.10   4 1   -5 -2   26.99
100509 23.19 -2.19   0.03 0.18   17 -6   -13 14   27.34
100084 23.19 -1.00   -0.02 0.08   25 -15   -11 20   27.30
100128 23.19 -0.19   0.06 0.05   1 -1   -1 0   27.29
99837 23.25 -0.19   0.01 0.08   0 0   0 0   27.30
100324 23.25 -0.19   0.02 0.09   0 0   0 0   27.75
99942 23.25 0.31   0.02 0.10   0 0   0 0   28.16
