189889 291.44 -0.25   0.04 -0.07   0 0   0 0   3195.61
191828 291.44 0.31   0.03 -0.02   0 0   0 0   3171.60
190040 291.44 0.06   0.02 -0.06   0 0   0 0   3145.70
193372 291.44 0.37   0.02 -0.05   0 0   0 0   3192.80
193170 291.44 -0.13   0.05 -0.03   0 0   0 0   3190.86
192622 291.44 0.19   0.02 0.00   1 -2   0 2   3176.21
194940 291.44 -0.62   0.04 -0.08   2 -7   -1 9   3205.09
193711 291.44 0.00   0.04 -0.07   2 -7   -4 12   3183.13
191645 291.50 0.94   0.02 -0.08   8 -11   -5 18   3179.15
189221 291.50 -0.06   0.10 0.02   13 -13   -17 21   3132.77
191333 291.56 0.19   0.01 0.01   50 -39   -64 73   3173.97
192801 291.31 -3.37   0.49 0.14   133 -59   -178 130   3199.06
7505 291.31 -0.88   0.39 0.20   223 -91   -277 213   21.27
236571 291.25 5.50   -0.80 -0.41   112 -57   -137 124   3186.93
7940 291.25 -1.06   -0.80 -0.41   486 -523   -488 969   28.37
193827 291.25 0.44   -0.09 0.02   7 -22   -4 36   3216.24
190376 291.06 0.13   0.28 -0.13   13 -251   60 385   3157.16
195998 290.75 -2.19   0.59 -0.05   146 -100   -189 221   3204.20
191812 290.69 -3.00   -0.12 -0.04   574 -442   -668 878   3170.69
9482 290.69 2.56   -0.15 -0.08   898 -766   -1077 1490   33.70
209003 290.69 -2.81   -0.03 -0.02   138 -110   -174 218   3151.21
192395 290.87 4.00   -0.30 -0.29   747 -642   -929 1256   3191.60
197013 290.94 -0.69   0.05 -0.02   674 -573   -859 1129   3229.76
21423 290.94 -1.19   0.16 0.09   528 -500   -655 952   246.75
190841 291.12 -0.19   -0.06 0.00   48 -44   -55 12373   3165.26
8962 291.12 1.37   -0.12 -0.02   528 -506   -642 972   41.50
8941 291.12 1.37   -0.19 -0.09   24 -22   -53 41   42.69
99293 291.19 0.13   -0.01 -0.07   253 -238   -310 462   43.80
99830 291.12 -0.75   0.10 0.00   234 -231   -288 459   40.65
99924 291.12 -0.06   0.03 -0.06   268 -293   -290 531   39.44
100030 291.19 0.94   -0.04 0.08   291 -316   -349 614   38.57
110632 291.19 -0.69   -0.09 -0.02   320 -329   -349 590   235.73
99852 291.19 0.06   -0.02 -0.17   283 -297   -346 589   235.08
100060 291.19 -1.50   0.01 0.00   292 -303   -339 573   234.87
99930 291.19 -0.31   0.08 0.04   293 -298   -379 613   233.69
99932 291.25 4.31   -0.15 -0.06   332 -336   -399 654   232.47
271077 291.19 2.50   0.03 0.02   314 -345   -371 664   3193.18
9060 291.19 2.50   0.02 -0.09   622 -632   -740 1222   44.95
9242 291.25 0.94   0.05 -0.15   30 -29   -38 57   47.76
281366 291.25 0.06   -0.02 -0.09   352 -357   -430 705   3187.38
18520 291.25 0.88   -0.07 -0.14   682 -698   -814 1356   181.98
191333 291.37 0.06   -0.06 -0.14   77 -79   -90 154   3173.44
9235 291.37 4.19   -0.16 -0.14   751 -766   -895 1502   39.08
279727 291.50 1.31   -0.25 0.03   358 -379   -403 706   3152.89
9486 291.50 1.69   -0.27 0.09   655 -671   -776 1286   51.91
19575 291.56 1.12   -0.25 0.01   39 -42   -29 52   199.47
271169 291.50 1.00   0.11 0.05   292 -298   -348 560   3168.75
19706 291.50 2.37   -0.03 0.00   511 -519   -577 943   230.67
19977 291.56 -0.88   -0.05 0.02   65 -69   -57 101   231.71
261802 291.44 -1.25   0.09 -0.01   311 -314   -345 574   3198.25
9181 291.44 -0.37   0.07 0.04   728 -753   -802 1384   49.58
192677 291.44 -0.25   -0.06 -0.21   31 -33   -34 60   3196.93
11622 291.50 1.06   -0.16 -0.26   797 -811   -845 1457   44.90
193391 291.50 -0.88   -0.05 0.01   34 -35   -54 94   3195.87
9835 291.50 -0.50   -0.02 -0.04   745 -753   -809 1292   41.38
9922 291.50 0.56   -0.03 -0.12   30 -29   -33 52   45.04
272235 291.31 -2.31   0.30 -0.04   326 -331   -318 551   3178.92
8597 291.31 -1.69   0.28 -0.06   629 -632   -670 1118   39.69
193509 291.25 -2.06   0.09 0.12   26 -26   -42 68   3210.58
194976 291.06 -0.56   -0.07 -0.07   689 -691   -740 1233   3213.48
9442 291.06 -0.56   -0.08 0.01   752 -748   -804 1332   49.37
11244 291.12 -1.44   -0.05 0.05   46 -44   -51 80   53.46
281660 290.94 -0.31   0.16 0.35   367 -346   -418 644   3169.10
195652 290.87 2.50   -0.36 -0.07   800 -740   -888 1374   3200.72
192957 290.69 -0.81   -0.01 0.16   875 -810   -1004 1536   3201.58
8963 290.69 -1.00   -0.05 0.12   753 -705   -862 1352   43.49
29349 290.69 -1.62   -0.04 -0.07   86 -78   -98 146   189.82
274401 290.75 0.19   -0.05 -0.09   433 -384   -485 696   3191.60
193516 290.94 0.37   -0.04 0.21   820 -718   -1012 1386   3164.96
19551 290.94 0.25   0.00 0.26   840 -706   -1088 1352   179.65
19641 290.94 1.00   -0.02 0.16   71 -59   -110 144   176.32
92312 291.19 1.12   -0.25 0.21   418 -337   -527 655   180.54
274230 291.19 0.31   0.23 0.12   348 -309   -477 651   3178.72
15196 291.19 0.44   0.36 0.15   532 -479   -670 940   140.06
17729 291.25 0.75   0.40 0.10   41 -34   -56 66   142.71
266112 291.50 -0.44   -0.02 0.04   274 -240   -330 436   3162.32
194142 291.50 0.75   -0.04 0.07   605 -506   -702 932   3175.43
191065 291.62 1.62   -0.03 -0.07   577 -504   -758 1052   3151.98
192474 291.75 1.50   -0.09 0.11   693 -603   -912 1243   3183.55
194401 291.75 -0.25   -0.22 0.08   755 -659   -983 1330   3188.43
192307 291.69 -0.75   -0.03 -0.13   838 -695   -1148 1475   3181.08
189558 291.25 -1.00   0.05 -0.08   877 -710   -1166 1502   3140.54
192661 290.81 -3.44   0.04 0.14   983 -734   -1246 1601   3196.57
192628 290.44 -3.25   -0.34 0.28   1076 -744   -1361 1651   3161.24
194094 289.94 -3.75   -0.17 -0.12   1126 -778   -1482 1739   3200.69
10761 289.87 -3.56   -0.16 0.00   1001 -663   -1310 1495   59.80
256913 289.81 -1.00   -0.23 -0.30   347 -203   -463 472   3179.52
192646 289.62 1.31   0.03 0.09   927 -514   -1317 1182   3183.98
8825 289.62 1.31   0.00 -0.05   770 -384   -1125 928   40.05
17059 289.69 1.87   0.00 -0.15   63 -28   -98 67   42.09
282256 289.56 1.19   -0.04 -0.12   370 -175   -532 428   3173.45
191935 289.50 0.88   -0.08 0.22   812 -386   -1089 903   3183.85
193321 289.31 1.37   -0.15 -0.19   819 -403   -1121 953   3186.76
193995 289.12 0.69   -0.14 0.09   853 -456   -1178 1097   3181.91
193134 289.06 -0.75   -0.06 -0.01   865 -490   -1139 28   3204.87
192664 288.94 0.56   0.05 0.04   848 -441   -1126 1008   3172.18
23194 288.94 0.06   0.11 0.18   785 -420   -1040 941   237.22
210403 288.87 -3.50   0.00 0.00   211 -111   -253 226   3165.43
20876 288.87 0.00   0.06 0.17   928 -501   -1211 1097   231.95
20601 288.87 -0.56   0.16 -0.04   92 -48   -118 105   232.02
259450 288.69 0.56   -0.09 0.05   401 -226   -495 470   3172.27
9861 288.69 -1.56   -0.10 0.06   796 -462   -1001 928   48.60
191777 288.56 -0.37   -0.02 0.12   34 -20   -63 64   3181.48
9000 288.56 -3.44   0.01 0.08   860 -501   -1086 1062   46.65
192762 288.44 -1.50   -0.03 0.01   43 -25   -56 53   3198.27
20464 288.44 -0.06   -0.01 0.12   1040 -587   -1289 1213   224.96
19224 288.44 0.31   0.00 0.29   104 -56   -133 117   222.04
255741 288.87 0.62   -0.06 -0.13   428 -206   -586 488   3145.00
191736 289.44 3.19   -0.04 0.19   942 -377   -1352 894   3179.97
192486 290.25 4.62   0.10 0.11   797 -201   -1227 598   3178.38
194913 291.44 3.94   -0.01 0.00   783 -45   -1352 328   3211.78
18783 291.50 3.37   -0.01 -0.01   869 -43   -1551 366   210.65
26055 291.56 2.62   -0.01 -0.12   129 -16   -197 59   128.04
104997 291.94 2.25   0.02 0.00   384 -49   -644 198   208.39
99879 292.12 1.56   -0.07 0.06   400 -58   -637 210   204.75
94358 292.25 1.44   -0.12 -0.17   329 -42   -515 167   119.35
105227 292.50 4.00   -0.06 -0.16   260 -23   -432 128   194.09
100195 292.69 0.62   0.06 0.08   212 -9   -378 100   204.03
99863 292.81 1.06   0.03 0.09   199 -19   -332 107   200.43
104087 293.00 2.81   0.21 0.29   220 -19   -353 99   281.69
90605 293.25 1.50   -0.07 -0.08   301 -22   -487 141   114.32
104903 293.31 -1.00   0.07 0.10   320 -36   -451 145   193.83
94747 293.19 -2.69   -0.03 0.00   315 -36   -452 148   108.08
105054 292.81 -3.56   -0.01 0.06   345 -43   -428 140   190.90
104707 292.44 -3.25   -0.02 0.17   333 -21   -435 139   276.53
100050 292.44 4.00   0.02 0.29   350 39   -500 59   274.91
94994 292.75 5.37   -0.01 0.00   394 83   -681 13   187.24
96790 293.12 2.69   -0.03 -0.31   432 79   -721 27   115.03
103292 293.19 -0.44   -0.01 -0.06   379 41   -637 61   193.64
99771 293.31 1.62   0.01 0.11   363 59   -545 34   189.44
99899 293.62 4.56   -0.04 0.05   351 78   -615 11   188.15
96718 294.00 5.37   -0.24 -0.18   354 106   -592 -39   110.07
103246 294.19 -1.00   0.02 -0.18   281 123   -517 -98   189.18
97007 294.12 -1.19   0.05 -0.16   217 112   -368 -91   107.77
102781 294.06 0.69   -0.03 0.19   172 86   -292 -63   188.10
100003 294.25 3.44   0.01 -0.07   167 108   -323 -99   188.20
99892 294.50 0.19   0.00 -0.19   180 126   -361 -126   188.39
97197 294.31 -2.19   0.00 -0.01   149 85   -235 -84   103.24
100329 294.06 -2.56   0.09 0.17   135 79   -178 -75   106.35
100011 293.87 -1.25   -0.02 0.37   159 89   -235 -73   104.46
100733 293.62 -3.94   0.02 0.07   264 149   -412 -131   132.79
99134 293.12 -5.00   -0.08 -0.08   336 165   -466 -141   103.64
100571 292.31 -6.19   0.05 0.12   382 166   -473 -25   128.88
100545 291.56 -9.13   0.14 0.09   360 190   -454 -170   149.55
99961 290.56 -13.88   0.01 -0.18   412 216   -529 56   150.71
99989 289.25 -7.12   -0.05 0.11   384 183   -418 -165   152.34
99980 288.00 -17.94   0.15 0.08   387 163   -393 -147   153.20
278144 284.37 -9.75   -0.23 -0.05   365 161   -348 -140   3224.80
15400 284.00 -18.37   0.00 0.01   710 391   -778 -402   146.82
195033 281.25 -11.25   0.16 0.04   61 41   -66 -44   3200.36
9911 281.00 -22.06   0.05 -0.15   682 568   -708 -640   26.81
277984 276.69 -7.75   -0.12 0.04   266 267   -239 -318   3199.21
8207 276.62 -10.00   -0.21 -0.41   421 489   -288 -593   24.06
193899 273.81 -13.88   -0.19 -0.02   14 18   -8 -23   3211.73
9559 273.62 -13.88   -0.01 0.06   260 422   -85 -753   24.01
9871 273.50 -14.63   0.00 -0.03   10 18   -2 -25   25.31
93399 271.94 -13.50   -0.04 -0.24   98 214   14 -298   25.38
100054 270.31 -10.06   -0.36 0.13   79 207   72 -326   26.38
101198 268.31 -24.75   0.05 0.44   43 232   146 -343   28.42
283228 262.75 -14.00   -0.10 0.47   22 248   191 -375   3189.21
12467 262.56 -26.19   -0.08 0.14   25 441   382 -669   89.87
195075 258.00 -19.06   -0.13 0.25   0 30   31 -46   3205.66
14739 257.75 -26.44   0.01 0.25   -87 537   623 -825   127.53
13686 257.25 -28.94   -0.07 0.11   -12 36   48 -55   127.29
86300 255.31 -24.06   0.15 0.35   -99 239   364 -383   129.71
100037 253.06 -17.81   0.03 0.44   -167 252   502 -445   130.58
100031 250.94 -15.75   -0.22 0.16   -164 208   492 -405   131.88
99856 248.81 -18.50   -0.17 0.50   -160 196   495 138   133.15
100069 246.25 -31.44   0.30 0.23   -148 192   492 -386   137.01
99876 243.87 -23.44   0.04 0.69   -134 224   463 -414   135.76
99989 241.69 -18.06   -0.01 0.36   -121 214   442 -388   138.18
99968 239.56 -24.06   -0.10 0.31   -100 214   407 -358   138.04
100119 237.31 -19.25   0.02 -0.01   -110 198   429 -366   140.01
100098 235.06 -27.50   -0.23 -0.23   -109 210   442 -370   141.59
100197 232.81 -22.12   -0.26 0.57   -157 200   514 -389   145.14
98893 230.75 -18.31   -0.24 0.05   -213 213   599 -435   116.11
278711 225.31 -25.00   -0.07 0.02   -277 230   631 -448   3185.78
10437 225.06 -16.00   -0.14 0.22   -537 429   1244 -888   53.92
10189 224.94 -12.31   -0.24 0.36   -23 18   51 -37   54.98
98699 223.06 -14.19   -0.19 0.49   -290 218   632 -439   57.56
101838 220.75 -23.19   -0.14 0.39   -359 241   702 -483   123.93
100073 218.56 -23.69   0.00 0.19   -361 245   767 -535   125.14
100109 216.50 -27.81   0.29 0.53   -388 251   755 -493   127.12
100235 214.50 -22.87   -0.11 -0.25   -372 225   793 -504   131.23
100034 212.69 -16.62   -0.08 0.07   -360 212   706 -418   131.73
100173 210.94 -12.06   -0.19 0.29   -343 176   723 -397   134.83
278022 206.19 -17.94   -0.22 0.36   -367 163   698 -366   3181.58
19276 205.81 -20.56   0.00 -0.49   -745 295   1449 -705   202.20
18340 205.44 -17.06   -0.26 -0.32   -78 33   149 -79   202.95
90895 203.94 -17.62   -0.16 0.56   -326 142   673 -354   208.24
272195 199.25 -22.37   -0.14 0.43   -326 199   612 -395   3199.76
190614 195.94 -18.37   0.11 0.57   -632 466   1292 -931   3160.92
8161 195.81 -10.13   -0.20 0.04   -627 423   1238 -843   28.23
201688 192.31 -21.81   -0.34 -0.07   -47 31   98 -64   3207.86
7864 192.31 -17.37   -0.44 0.13   -510 285   1183 -645   20.13
193543 188.25 -15.31   -0.44 0.10   -23 8   56 -20   3190.11
7643 188.00 -27.81   -0.04 0.04   -660 213   1467 197   23.44
8401 188.00 -30.00   -0.18 0.23   -30 10   66 -25   25.67
279941 182.37 -10.38   0.25 0.23   -375 109   820 -289   3158.38
192781 179.87 -18.19   -0.19 -0.13   -762 69   1678 -362   3198.58
192238 177.19 -11.94   -0.16 0.32   -806 -289   1696 166   3188.46
8472 176.94 -23.50   0.04 0.42   -814 -461   1830 383   37.66
36344 176.44 -17.56   -0.07 0.43   -107 -62   236 56   236.70
99878 175.00 -18.50   -0.12 0.45   -413 -246   928 213   235.57
99982 173.62 -18.75   -0.21 0.04   -467 -250   1029 204   235.90
99890 172.19 -11.75   -0.35 0.06   -477 -238   1014 181   237.18
99883 170.62 -22.00   -0.13 0.05   -555 -280   1179 213   235.54
99885 169.31 -3.31   -0.26 0.93   -538 -285   1095 208   235.57
99998 168.12 -13.19   -0.21 0.60   -484 -267   1045 221   236.41
99992 166.87 -14.50   -0.08 0.34   -427 -243   894 202   236.38
100020 165.62 -13.00   -0.06 0.54   -393 -283   943 293   236.62
100010 164.56 -13.44   -0.09 -0.21   -344 -271   735 248   236.89
100013 163.31 -9.75   -0.14 0.23   -343 -314   855 340   237.06
99939 162.19 -10.56   -0.04 0.33   -287 -365   714 410   236.07
100030 161.19 -8.13   -0.16 0.70   -183 -353   587 465   236.58
99950 160.25 -12.94   -0.17 0.34   -89 -360   392 455   235.66
99982 159.25 -7.25   -0.31 0.31   19 -321   234 481   235.40
99908 158.44 -7.12   -0.26 0.02   105 -298   86 423   233.82
273260 154.44 -16.75   -0.13 0.46   122 -275   77 464   3194.10
10428 154.31 -9.25   -0.26 0.43   430 -863   186 1398   33.25
19859 154.00 -20.06   -0.18 0.42   27 -33   -8 88   233.03
96375 152.56 -15.06   -0.12 0.19   362 -360   -97 630   232.52
99821 151.19 -14.31   -0.23 0.17   427 -315   -265 606   229.45
99895 150.00 -14.81   -0.10 -0.23   453 -200   -407 449   227.72
99942 148.81 -12.63   -0.07 -0.03   454 -176   -420 435   226.52
99908 147.62 -12.00   0.04 0.00   429 -208   -372 455   225.18
99942 146.62 -13.63   -0.06 0.00   472 -239   -429 503   224.20
99888 145.87 -5.50   -0.04 -0.19   466 -210   -484 477   222.25
99896 145.31 -3.69   -0.25 -0.24   464 -205   -522 476   220.38
99932 144.81 -3.12   -0.23 -0.17   425 -197   -469 458   219.16
99913 144.31 -3.31   -0.10 -0.08   369 -175   -398 392   217.58
276841 143.19 -4.75   0.30 0.24   344 -160   -376 352   3227.20
10265 143.19 -1.69   0.22 0.36   881 -418   -1039 954   49.55
193607 142.37 -0.94   0.09 0.05   74 -36   -181 79   3194.20
9847 142.37 -1.44   -0.22 -0.22   1373 -702   -1731 1633   45.74
14056 142.31 -4.62   -0.29 -0.45   94 -53   -117 120   132.96
92170 141.75 -6.75   -0.29 -0.34   666 -405   -760 844   135.66
278406 140.31 -3.44   -0.30 -0.28   676 -421   -719 844   3174.53
20488 140.19 -8.38   -0.26 -0.02   1348 -823   -1462 1639   202.01
18706 140.12 -0.50   -0.33 0.06   133 -83   -145 166   201.62
84605 139.81 -0.06   -0.26 -0.27   533 -332   -586 651   200.31
99849 139.56 -3.25   0.00 -0.14   614 -377   -682 715   197.93
99902 139.50 -8.56   0.22 -0.01   557 -369   -697 782   196.04
274585 139.56 -4.81   -0.06 0.05   576 -385   -685 760   3156.71
20071 139.62 3.44   -0.13 -0.27   955 -702   -1192 1401   192.63
20594 139.56 -0.81   -0.15 -0.32   82 -62   -100 119   191.53
84317 139.56 -0.37   0.03 -0.25   294 -270   -368 533   188.68
99887 139.50 1.12   -0.04 -0.13   283 -385   -271 660   186.68
99884 139.56 4.62   -0.04 0.06   215 -441   -173 775   184.69
99937 139.81 0.25   0.11 -0.10   178 -527   -116 828   183.54
99956 140.12 -0.13   0.03 0.05   153 -553   -109 944   182.80
99832 140.56 5.94   -0.10 0.01   167 -620   -201 1007   180.13
99934 141.00 9.13   -0.17 0.15   178 -653   -117 1096   178.81
99922 141.62 9.25   -0.27 0.18   162 -626   -139 1070   177.47
99918 142.12 2.37   -0.05 0.52   161 -586   -139 969   176.25
99924 142.81 4.81   -0.01 0.18   143 -500   -137 919   175.03
99938 143.44 6.50   -0.07 0.17   176 -492   -211 783   173.73
99900 144.19 8.06   -0.01 0.15   176 -444   -228 772   172.00
99918 145.00 7.31   -0.05 0.45   199 -436   -300 769   170.66
99926 145.94 8.25   -0.09 0.30   200 -372   -374 676   169.39
99937 146.69 4.44   0.26 0.21   227 -358   -425 678   168.43
99902 147.69 9.19   -0.06 -0.40   235 -362   -404 673   166.54
99941 148.62 8.19   0.12 0.17   238 -402   -408 732   165.50
99877 149.62 10.25   -0.03 0.34   242 -374   -425 689   163.56
99901 150.69 12.81   -0.01 0.17   281 -392   -651 749   161.83
99912 151.87 12.81   0.09 0.43   298 -363   -541 681   160.15
99894 153.12 7.44   -0.03 -0.46   336 -348   -635 678   158.38
99907 154.69 16.00   -0.04 0.19   404 -342   -766 679   156.91
99879 156.44 14.88   -0.32 -0.59   456 -284   -968 648   154.86
99917 158.06 16.06   -0.03 0.24   445 -301   -885 626   153.44
99865 159.62 16.00   0.05 0.00   409 -278   -897 640   151.13
99904 161.25 15.50   0.12 -0.05   437 -288   -863 612   149.24
99884 163.19 19.56   -0.44 -0.01   457 -284   -999 674   147.16
99838 164.81 18.00   -0.06 0.19   450 -367   -907 754   144.66
99942 166.50 16.56   -0.42 -0.26   415 -367   -928 810   143.67
99902 168.00 16.56   -0.44 -0.33   367 -359   -711 696   142.04
99909 169.37 13.00   -0.06 0.14   303 -316   -656 664   140.41
99918 170.75 16.81   -0.22 0.05   302 -311   -595 72   138.93
99891 172.00 14.63   -0.09 -0.33   274 -306   -575 601   137.10
99938 173.31 11.94   0.15 0.08   285 -316   -553 584   136.12
99931 174.75 12.19   -0.07 -0.17   291 -306   -618 622   134.76
100035 176.00 11.44   -0.10 -0.16   265 -303   -517 552   135.62
99845 177.19 10.81   -0.04 -0.06   223 -274   -469 503   132.78
99953 178.44 14.00   0.00 -0.21   209 -264   -430 469   132.00
99908 179.69 12.81   0.13 -0.13   204 -290   -432 520   130.39
99974 181.19 15.25   0.19 -0.06   203 -299   -453 521   129.93
99937 182.94 15.50   -0.11 -0.07   263 -351   -612 662   128.92
99919 184.69 21.75   -0.39 0.11   262 -359   -627 686   127.90
100090 186.25 11.69   -0.07 -0.28   248 -377   -594 690   129.07
100000 187.75 14.75   -0.08 -0.31   200 -356   -480 637   129.05
277797 192.44 17.50   -0.08 -0.40   180 -402   -433 676   3178.22
191938 195.94 17.56   -0.04 0.21   398 -793   -913 1336   3183.74
191430 199.25 19.56   -0.24 -0.55   419 -838   -990 1433   3175.19
10964 199.44 20.00   -0.14 -0.02   401 -803   -935 1476   34.20
208043 202.94 15.75   0.25 0.24   49 -104   -110 173   3190.05
194089 206.06 18.69   -0.39 -0.22   351 -829   -824 1334   3194.34
9941 206.31 26.69   -0.31 -0.19   279 -987   -665 1675   30.36
11142 206.56 10.06   -0.10 -0.24   11 -69   -30 112   33.19
281149 211.06 18.50   -0.08 0.23   100 -557   -236 856   3155.96
195983 214.31 19.06   -0.23 0.03   178 -953   -444 1568   3199.04
192417 217.75 17.00   -0.26 -0.40   159 -1010   -433 1605   3192.30
191616 220.81 16.81   -0.11 0.30   138 -1005   -437 1613   3178.39
191237 223.94 15.19   -0.07 0.30   77 -879   -359 1415   3171.57
195261 227.19 24.06   -0.06 -0.20   42 -811   -308 1311   3206.54
191638 230.69 8.50   0.09 0.23   20 -837   -321 1389   3178.82
195019 234.00 20.75   -0.25 0.39   -31 -821   -278 1379   3193.90
193010 237.25 19.87   -0.27 -0.05   -74 -751   -199 1248   3179.06
192745 240.87 24.62   -0.37 -0.52   -157 -676   -84 1077   3190.40
25962 241.19 15.00   -0.20 -0.05   -171 -662   -64 1049   290.81
67957 242.44 21.69   -0.14 -0.02   -59 -243   -28 417   289.29
100038 244.19 7.19   0.02 0.25   -115 -338   -12 566   289.87
99968 245.87 9.75   -0.05 -0.22   -174 -302   59 423   289.46
99969 247.50 10.00   0.01 -0.17   -251 -232   165 334   288.79
100115 249.00 18.12   -0.27 -0.09   -296 -213   236 255   290.74
100714 250.44 13.50   -0.04 -0.04   -294 -192   260 250   292.72
99831 251.81 11.38   -0.04 -0.17   -295 -190   235 208   290.42
100234 253.12 11.63   -0.11 0.07   -293 -157   248 179   291.16
92116 254.37 9.94   0.08 -0.02   -311 -119   236 105   164.78
107266 255.81 8.13   -0.07 0.01   -320 -107   289 83   289.47
100095 257.12 15.63   -0.10 -0.01   -316 -101   285 74   291.64
92106 258.31 16.25   -0.18 -0.18   -321 -65   278 3   155.94
100216 259.81 14.81   -0.15 -0.15   -382 -23   303 190   161.67
100185 261.50 10.13   0.05 0.00   -424 32   379 -182   166.73
108059 263.31 22.31   0.00 -0.06   -488 59   397 -256   294.35
92241 265.25 19.44   -0.06 -0.12   -495 77   428 -270   172.07
277438 269.81 23.44   -0.08 -0.08   -515 60   425 -1   3179.52
191217 272.62 7.25   0.11 -0.30   -910 157   740 -501   3164.98
191719 275.69 16.87   -0.13 -0.07   -809 165   702 -479   3180.76
9279 275.81 12.44   -0.09 -0.06   -902 277   772 -715   51.31
208075 278.31 5.12   0.02 -0.17   -112 44   78 -83   3202.69
192249 280.50 12.50   0.21 -0.08   -797 386   628 -825   3189.71
191083 282.69 14.31   0.04 -0.22   -692 421   498 -840   3169.53
10703 282.87 20.31   -0.12 -0.20   -603 394   471 -758   59.65
204911 285.12 2.44   0.03 -0.09   -67 39   42 -80   3172.99
10753 285.31 21.69   -0.12 -0.07   -677 391   439 -787   58.29
193715 287.81 15.31   -0.15 -0.21   -29 17   20 -33   3202.15
9793 287.87 7.19   -0.04 -0.25   -707 414   475 -1834   60.27
9851 287.94 7.87   0.10 0.00   -31 17   22 -35   61.23
92798 288.94 8.63   -0.02 0.05   -340 182   248 -369   61.71
100066 290.06 8.88   -0.02 -0.05   -352 207   231 -388   62.77
100151 291.12 12.38   -0.12 -0.01   -333 215   233 -430   65.56
100149 292.00 5.56   0.04 -0.02   -336 255   223 -455   68.10
100097 292.81 4.69   -0.06 -0.09   -320 273   254 -502   69.71
282286 294.19 3.12   0.01 -0.02   -341 298   281 -582   3185.34
10694 294.25 3.56   0.04 0.00   -619 534   571 -975   69.65
10349 294.31 3.56   0.07 -0.01   -40 33   39 -59   70.61
96991 294.56 2.81   0.06 0.03   -286 237   299 -460   71.19
100232 295.00 7.50   -0.26 -0.06   -293 249   269 -446   76.47
281010 295.81 1.00   0.06 0.04   -315 281   316 -543   3165.84
10873 295.87 1.75   0.05 -0.02   -527 437   538 -826   75.75
190439 295.81 56.56   0.07 -0.58   -24 21   15 -27   3158.46
10631 295.94 12.50   -0.62 0.32   -380 276   405 234   74.52
10719 295.75 -22.75   -0.12 1.04   -15 -3   39 0   76.63
96424 295.62 -13.81   0.09 -0.17   -145 -27   252 -14   77.69
280507 294.50 -3.69   -0.01 -0.02   -136 -26   249 -18   3164.95
10783 294.44 -1.50   -0.06 -0.04   -349 -52   630 -52   76.45
10889 294.44 -3.31   -0.09 -0.09   -17 -3   31 -2   78.26
97939 293.94 -10.81   0.09 -0.02   -228 -36   408 -27   79.88
99985 293.44 -10.75   -0.53 0.94   -254 -72   477 9   78.60
100003 293.31 3.56   0.62 0.99   -242 -14   335 -62   79.52
99990 293.50 4.44   -0.03 0.25   -66 -2   88 -20   78.86
100017 293.50 -1.69   0.00 -0.02   -1 -1   2 0   80.07
100052 293.50 -0.37   -0.01 0.03   -2 -1   3 1   78.92
100142 293.50 -0.94   -0.01 0.00   5 -2   -4 3   86.18
281369 293.50 0.13   -0.02 -0.01   12 -3   -13 9   3196.50
10945 293.50 0.88   -0.02 0.03   10 -2   -11 6   79.85
193808 293.50 0.31   -0.02 0.01   1 0   0 0   3171.26
12252 293.50 -0.25   -0.01 0.00   2 -1   -7 1   81.03
192997 293.50 -0.06   -0.02 -0.02   1 0   0 0   3202.44
13170 293.50 -0.06   -0.02 -0.01   3 0   -4 1   82.68
95342 293.50 0.00   -0.02 0.01   0 0   0 0   84.05
100004 293.50 -0.13   -0.02 0.01   0 1   -1 0   84.16
100050 293.50 0.37   -0.01 0.02   1 0   -2 0   85.06
100139 293.50 0.13   0.00 -0.02   0 0   0 0   86.33
