190587 200.69 0.25   0.07 -0.07   0 0   0 0   3157.42
190206 200.69 0.00   0.06 -0.01   0 0   0 0   3155.22
9452 200.69 -0.13   0.07 -0.03   0 0   0 0   48.12
18213 200.69 -0.06   0.07 -0.03   0 0   0 0   52.32
281954 200.69 -0.06   0.06 -0.02   0 0   0 0   3212.16
9604 200.69 0.06   0.06 -0.05   0 0   0 0   52.65
192251 200.69 -0.13   0.06 -0.03   0 0   0 0   3181.34
195075 200.69 0.06   0.06 -0.04   0 0   0 0   3187.22
11816 200.69 0.06   0.06 -0.05   0 0   0 0   78.53
190501 200.69 -0.19   0.08 -0.03   0 0   0 0   3158.16
194278 200.69 0.00   0.06 -0.03   0 0   0 0   3194.44
189800 200.69 -0.31   0.06 -0.02   0 0   0 0   3148.11
194439 200.69 -0.06   0.05 -0.06   0 0   0 -1   3195.30
194337 200.69 -0.13   0.07 -0.08   0 0   0 0   3205.75
15024 200.69 -0.13   0.08 -0.03   0 0   2 1   127.48
210551 200.69 0.13   0.08 -0.03   -1 0   0 0   3154.97
15655 200.69 0.06   0.04 -0.03   0 -1   0 0   126.00
14623 200.69 0.50   0.04 0.01   0 0   0 0   126.50
92560 200.69 0.19   0.08 -0.04   0 0   0 0   125.61
278726 200.62 -0.37   0.11 -0.05   0 -1   1 3   3199.23
12704 200.62 -0.44   0.08 -0.03   0 -2   3 4   85.08
194245 200.62 0.31   0.20 -0.13   0 -1   0 0   3189.56
11950 200.62 0.13   0.15 -0.13   4 -8   -4 9   97.02
11877 200.62 0.75   0.13 -0.10   1 -2   -1 3   96.18
88354 200.69 0.31   0.08 -0.03   11 -27   -7 41   97.17
279588 200.69 0.62   0.05 0.02   12 -49   0 70   3176.92
11154 200.69 0.75   0.03 0.00   27 -185   32 257   84.43
195136 200.62 3.37   -0.05 0.05   1 -12   5 24   3201.94
192720 200.44 -0.13   0.05 0.04   26 -297   93 418   3196.66
192267 200.50 -0.44   0.19 -0.05   35 -246   63 344   3185.05
191098 200.37 10.31   -0.30 0.47   66 -239   6 360   3169.95
192660 200.06 -2.19   0.14 -0.13   65 -312   64 477   3152.99
192255 199.87 -0.25   0.00 -0.04   49 -179   9 285   3166.52
192635 199.75 -1.56   0.16 -0.02   62 -227   20 354   3196.25
191190 199.56 -0.88   0.40 -0.30   66 -233   -2 363   3168.72
192562 199.62 6.25   -0.19 -0.31   81 -310   45 512   2946.28
194614 200.62 4.19   -0.06 0.98   30 -538   125 802   3229.86
190795 200.56 1.56   0.00 -0.04   -164 -568   286 813   3164.79
196194 200.69 0.13   -0.11 0.23   25 -311   84 488   3205.11
191305 200.62 -0.62   0.03 -0.08   12 -278   96 427   3158.74
192351 200.56 0.94   0.01 0.00   10 -146   28 231   3191.36
195289 200.56 0.00   0.02 0.00   19 -201   64 313   3191.13
191180 200.62 0.75   -0.01 0.01   34 -312   81 489   3143.41
191829 200.62 0.31   0.00 0.00   34 -356   103 589   3182.77
191470 200.62 0.25   0.07 0.01   39 -413   118 686   3176.97
195637 200.62 -0.06   -0.01 0.06   45 -535   147 839   3203.67
191549 200.56 -2.06   0.03 0.06   68 -582   136 901   3172.42
191939 200.56 0.94   0.01 -0.01   59 -487   118 781   3182.51
195285 200.56 -0.81   0.00 -0.01   55 -519   139 814   3193.28
191884 200.50 -0.62   -0.05 0.04   58 -511   111 781   3171.62
191016 200.50 0.37   -0.05 0.04   43 -429   105 681   3167.95
191000 200.44 0.37   0.07 -0.04   39 -389   98 631   3167.91
196368 200.44 0.62   0.00 0.00   38 -410   105 658   3220.72
192222 200.37 2.56   -0.15 0.08   50 -579   149 857   3189.45
194279 200.37 -0.13   -0.08 -0.01   50 -693   171 990   3188.34
192681 200.31 -1.50   0.04 0.03   56 -632   154 921   3159.34
191796 200.31 1.12   -0.12 0.00   56 -494   117 732   3182.15
190821 200.31 -0.75   -0.16 0.03   51 -454   97 697   3165.08
191166 200.25 -0.19   0.09 -0.05   48 -366   78 562   3171.02
194864 200.25 -0.37   0.04 -0.06   22 -220   66 316   3178.27
191807 200.25 -0.37   0.01 -0.11   34 -331   76 508   3168.50
195074 200.25 0.56   -0.01 -0.01   50 -433   103 652   3209.38
193807 200.19 -0.56   0.10 -0.01   59 -517   117 744   3187.53
191229 200.19 -1.69   0.03 -0.22   63 -602   136 850   3171.94
190914 200.19 0.81   -0.15 -0.22   79 -748   151 1072   3166.27
193169 200.19 -0.06   -0.01 0.06   76 -761   154 1093   3205.37
194261 200.25 1.81   -0.12 -0.10   85 -749   143 1065   3192.64
191266 200.19 -0.75   -0.07 -0.06   86 -682   122 960   3172.72
193923 200.19 0.50   -0.01 0.00   61 -548   104 793   3188.25
193971 200.19 0.06   -0.05 0.00   59 -491   115 729   3190.36
192173 200.19 -0.37   -0.06 -0.19   63 -537   111 775   3188.56
191582 200.19 -1.56   -0.03 0.09   66 -600   123 856   3177.72
191189 200.25 2.31   -0.12 -0.13   63 -632   126 910   3171.45
193496 200.19 0.00   -0.09 -0.04   65 -569   123 826   3158.00
191927 200.12 2.06   -0.06 0.00   56 -514   110 750   3177.41
190321 200.12 -0.94   0.02 -0.10   40 -403   106 615   3156.71
190557 200.06 -0.06   -0.05 -0.03   45 -387   92 631   3160.75
192787 200.06 0.56   -0.03 -0.01   39 -415   115 642   3174.91
195140 200.06 0.19   0.00 -0.02   41 -414   114 655   3223.79
192670 200.12 1.06   -0.14 -0.04   37 -437   114 691   3196.86
195708 200.25 1.50   -0.04 -0.06   27 -482   137 746   3198.32
191876 200.44 -0.31   -0.10 0.05   6 -437   137 704   3183.14
190687 200.50 1.06   -0.07 -0.07   11 -369   117 602   3162.85
196072 200.50 0.94   -0.10 0.02   15 -276   80 443   3201.24
193415 200.50 -0.88   -0.06 -0.01   36 -322   77 491   3209.90
195620 200.44 -0.19   0.21 -0.13   34 -268   45 408   3199.40
189856 200.50 0.13   -0.09 -0.04   35 -331   88 516   3133.34
192740 200.44 0.13   0.02 -0.07   68 -523   118 776   3181.31
191120 200.50 -0.13   -0.06 -0.06   56 -521   121 755   3170.59
192030 200.56 0.62   -0.10 -0.13   49 -604   143 862   3166.95
194575 200.50 -0.94   0.00 -0.08   51 -670   167 955   3180.42
193066 200.50 0.81   -0.04 -0.14   57 -614   135 872   3203.69
190801 200.56 -0.94   -0.16 0.00   49 -510   114 743   3164.50
190441 200.50 -0.25   0.10 -0.09   52 -543   117 787   3158.52
191780 200.56 -0.31   -0.02 -0.06   36 -394   101 598   3156.73
193228 200.50 -0.69   0.00 0.00   42 -394   86 609   3163.87
192920 200.50 0.31   0.09 -0.10   42 -365   91 574   3201.29
193971 200.50 0.06   0.01 -0.07   33 -340   88 530   3186.81
194089 200.50 -0.31   0.19 -0.06   42 -431   102 654   3205.94
192593 200.62 0.13   -0.13 0.05   44 -516   124 750   3195.27
192892 200.62 -0.50   -0.12 0.00   50 -554   125 794   3200.96
194146 200.62 -1.00   0.02 0.01   50 -446   93 688   3201.22
193522 200.69 0.31   -0.12 0.16   44 -402   90 612   3194.82
193252 200.62 0.62   -0.02 -0.01   50 -429   105 682   3160.35
192703 200.62 -0.25   -0.04 -0.04   41 -385   95 593   3183.98
190436 200.62 0.37   0.00 0.04   42 -391   97 641   3156.06
192756 200.62 0.00   0.03 0.00   36 -373   105 604   3186.64
192928 200.62 0.31   -0.05 -0.02   38 -402   108 642   3184.72
193005 200.62 1.69   -0.14 0.00   42 -465   112 713   3176.18
190936 200.62 -0.06   0.00 -0.06   43 -505   138 779   3167.35
191644 200.62 -0.88   -0.07 -0.04   36 -474   127 725   3172.46
191333 200.62 0.06   -0.01 -0.12   32 -381   112 637   3158.19
194197 200.62 -0.19   -0.02 -0.06   36 -350   106 576   3179.70
191700 200.62 0.06   0.14 -0.11   45 -429   104 709   3173.23
192113 200.62 -0.44   -0.05 0.02   36 -377   99 635   3187.62
193123 200.62 0.31   -0.05 0.00   46 -437   118 722   3171.58
192584 200.62 0.06   0.04 -0.07   37 -385   108 647   3156.18
190964 200.62 0.25   -0.05 0.00   36 -368   112 634   3150.06
195859 200.62 -0.88   0.07 -0.12   43 -427   124 712   3214.89
194054 200.69 0.62   -0.04 0.25   48 -465   131 763   3205.47
192020 200.69 0.19   -0.20 -0.11   51 -542   137 860   3186.08
191735 200.69 0.94   -0.09 -0.06   56 -496   129 807   3180.40
193995 200.75 0.00   -0.16 0.01   40 -383   100 628   3162.87
192083 200.69 0.31   -0.06 0.04   36 -353   101 578   3183.62
192422 200.69 -0.44   0.11 -0.09   24 -244   74 375   3185.87
194715 200.69 -0.06   -0.06 -0.03   15 -211   64 310   3182.17
191592 200.69 -0.37   -0.03 -0.02   31 -322   92 527   3158.69
190671 200.69 -0.19   -0.01 -0.03   26 -300   86 479   3162.00
191864 200.69 0.06   -0.02 -0.03   21 -243   70 372   3182.51
195223 200.69 0.06   0.06 -0.08   11 -196   59 298   3181.99
192319 200.69 -0.19   0.09 -0.05   18 -212   64 322   3187.52
192914 200.69 -0.19   0.00 -0.03   20 -298   92 451   3186.68
193570 200.69 -0.75   0.00 -0.11   34 -380   103 606   3161.04
192044 200.69 0.37   -0.04 -0.03   39 -384   109 615   3165.86
192029 200.69 -0.88   0.06 -0.08   35 -388   98 617   3185.75
191790 200.69 0.06   0.02 -0.04   21 -257   72 382   3181.79
193696 200.69 0.31   -0.06 0.00   5 -211   68 325   3164.26
192620 200.69 0.00   0.12 -0.07   25 -240   60 345   3185.85
191712 200.69 0.56   -0.01 -0.04   19 -174   49 254   3180.71
195532 200.69 -0.19   -0.05 -0.03   22 -273   80 412   3191.87
192228 200.69 0.13   -0.09 0.04   25 -294   75 436   3178.39
191624 200.69 0.06   0.04 -0.04   7 -196   54 283   3179.18
16472 200.69 0.00   0.03 -0.03   2 -72   23 112   136.87
36538 200.69 -0.13   0.05 -0.02   0 -12   5 19   139.84
275058 200.62 0.13   0.00 0.00   -1 -50   14 77   3168.60
11166 200.62 0.69   -0.03 0.00   20 -246   77 353   84.46
11395 200.69 1.31   -0.05 0.01   1 -14   4 22   88.17
278762 200.69 -0.94   -0.02 -0.03   14 -166   46 247   3194.29
10307 200.62 -0.81   0.00 -0.04   22 -183   51 272   68.87
15556 200.62 0.00   0.00 -0.05   1 -7   1 6   109.97
94622 200.62 0.37   0.00 -0.05   3 -57   15 84   113.04
100539 200.62 -0.06   0.01 -0.06   6 -67   10 99   115.68
100296 200.62 0.25   -0.02 0.00   11 -81   7 118   115.85
98881 200.62 -0.19   0.00 0.02   6 -77   8 115   105.94
278676 200.62 0.06   0.00 0.00   -3 -72   13 110   3175.13
10272 200.62 -0.44   0.00 0.00   9 -149   41 218   69.03
194876 200.62 -0.44   0.05 -0.07   1 -7   2 10   3187.60
12219 200.62 -0.13   0.06 -0.11   24 -206   61 300   72.63
12444 200.62 -0.19   0.06 -0.10   2 -18   5 24   105.92
89585 200.62 0.44   -0.02 -0.01   10 -148   39 204   77.71
100353 200.62 0.31   -0.03 -0.05   15 -166   49 260   83.81
100016 200.62 0.13   -0.06 0.00   18 -164   45 237   84.16
100612 200.62 -0.06   -0.04 0.04   12 -139   45 212   87.00
105234 200.62 -0.19   -0.02 0.01   6 -122   29 176   131.73
95008 200.62 -0.31   0.09 -0.06   0 -106   30 169   87.52
284652 200.69 -0.81   -0.02 -0.04   9 -138   41 199   3211.70
12073 200.69 0.19   0.00 0.00   40 -389   103 628   88.67
16212 200.69 0.31   0.00 0.00   3 -24   4 26   136.27
269680 200.75 -0.13   0.00 0.00   18 -170   47 281   3194.17
12693 200.75 -0.13   0.01 -0.01   12 -175   44 250   86.32
11628 200.75 -0.50   0.01 -0.05   0 -4   1 7   91.75
93562 200.75 -0.31   0.12 -0.10   3 -35   9 53   87.91
100358 200.75 0.19   0.15 -0.11   5 -72   28 103   90.14
281499 200.81 0.37   -0.04 -0.01   12 -116   39 162   3189.63
12954 200.81 0.13   -0.03 0.00   23 -217   63 305   86.86
11500 200.81 -0.06   -0.02 0.02   2 -12   3 17   89.87
94531 200.81 -0.44   0.16 -0.13   9 -83   21 119   90.36
98199 200.81 1.50   0.04 -0.09   8 -114   31 167   90.71
101494 200.81 0.69   -0.01 0.02   14 -162   45 238   88.84
282489 200.87 0.00   -0.01 -0.02   19 -160   43 238   3193.12
12040 200.87 0.37   -0.02 -0.01   31 -213   53 317   88.20
192902 200.94 0.88   -0.02 -0.01   1 -9   2 13   3200.65
13968 200.94 0.56   -0.05 0.02   25 -143   26 219   85.17
99402 200.94 -0.06   -0.02 0.02   5 -72   15 100   87.41
100205 200.94 -0.31   0.01 -0.07   5 -42   9 68   87.77
100081 200.94 0.62   0.06 -0.02   5 -51   15 81   87.72
99546 200.87 0.62   0.23 -0.12   0 -91   30 133   86.30
100826 201.00 1.19   -0.08 -0.02   18 -164   47 258   87.67
275803 201.00 0.31   -0.02 -0.02   19 -168   41 256   3142.67
11252 201.00 0.31   -0.03 -0.01   30 -256   65 384   85.15
193361 201.00 0.13   0.00 0.00   2 -14   4 21   3164.07
11724 201.00 0.25   0.00 -0.01   22 -211   56 309   87.64
17570 201.00 0.25   -0.01 0.00   2 -13   4 19   139.91
271401 201.00 0.62   -0.02 -0.03   17 -102   32 147   3219.43
11184 201.00 0.25   -0.02 -0.03   31 -243   68 359   84.55
11397 201.00 0.50   -0.02 -0.03   2 -18   4 26   88.03
95978 201.00 0.31   0.01 -0.04   17 -138   33 195   87.72
99944 201.00 0.25   0.00 -0.01   16 -152   45 241   91.74
280561 201.00 -0.44   0.04 -0.05   17 -159   39 232   3194.84
11362 201.00 -0.19   0.06 -0.06   28 -290   78 424   83.95
14193 201.00 -0.25   0.06 -0.08   1 -13   5 29   109.45
93540 201.00 0.19   0.03 -0.04   16 -159   44 254   85.73
99920 201.00 0.94   0.01 -0.02   19 -202   56 312   85.13
100961 201.06 0.31   -0.07 0.05   25 -212   56 362   119.11
98957 201.06 -0.44   -0.21 0.06   21 -184   45 280   82.46
100394 201.06 -0.13   -0.05 0.00   16 -123   32 185   99.66
99894 201.06 -0.19   0.00 -0.06   5 -83   24 131   96.91
99484 201.06 -0.37   0.00 -0.06   6 -92   26 130   82.44
99957 201.06 0.69   -0.06 0.03   9 -93   36 146   82.95
100031 201.06 0.44   -0.12 0.05   7 -83   26 126   83.50
101386 201.06 -0.25   -0.04 0.00   4 -43   19 75   134.52
278704 201.06 0.06   -0.01 -0.06   4 -20   7 30   3174.00
11251 201.06 -0.31   0.00 -0.02   3 -14   3 22   78.96
14021 201.06 -0.37   0.01 -0.01   0 0   0 0   113.72
275014 201.06 0.19   -0.02 -0.03   1 -3   2 4   3189.92
12655 201.06 0.13   -0.02 -0.02   3 -16   5 27   104.44
191893 201.00 -0.06   0.04 -0.02   0 -1   0 2   3183.35
13515 201.00 0.00   0.03 -0.06   1 2   -1 -4   69.65
12590 201.00 0.31   0.00 -0.01   0 0   -1 0   105.56
89732 201.00 -0.25   -0.01 0.00   0 0   -1 -1   124.54
99544 201.00 -0.31   -0.01 -0.03   0 1   0 -1   114.29
99882 201.00 0.00   0.00 -0.02   0 1   0 -1   112.61
99952 201.00 -0.19   0.00 -0.02   0 0   0 -1   109.14
99917 201.00 -0.19   0.00 -0.02   0 1   -1 -2   107.08
99951 201.00 -0.13   0.00 -0.03   0 1   0 -1   109.26
99810 201.00 0.00   -0.02 -0.03   -1 1   0 -2   105.90
279787 201.00 0.13   -0.02 -0.03   0 2   0 -2   3179.83
10380 201.00 0.06   -0.01 -0.03   0 1   -1 -2   65.07
193280 201.00 -0.31   -0.01 -0.05   0 0   0 0   3206.95
14057 201.00 -0.19   0.00 -0.03   0 0   0 0   80.35
11951 201.00 0.13   -0.01 -0.04   0 0   0 0   82.23
270497 201.00 -0.06   -0.01 -0.03   0 0   0 -1   3195.01
11161 201.00 0.50   -0.01 -0.01   0 2   -1 254   83.90
192094 201.00 -0.06   -0.02 -0.01   0 0   0 0   3186.73
194387 201.00 0.06   -0.01 -0.02   -1 3   0 -4   3178.43
10829 201.00 0.00   -0.01 -0.03   -1 5   -2 -8   49.92
191676 201.00 0.00   -0.01 -0.02   0 1   0 -1   3179.01
9130 201.00 0.06   -0.01 -0.03   0 8   -3 -11   42.48
191330 201.00 0.00   0.00 -0.03   0 0   -1 -1   3173.69
10029 201.00 0.06   0.00 -0.04   -1 3   -1 -5   64.35
190358 201.00 -0.13   0.00 -0.06   0 0   0 0   3157.11
13544 201.00 -0.06   0.00 -0.04   0 0   -1 1   86.59
13972 201.00 0.06   -0.01 -0.02   0 0   0 0   115.04
91034 201.00 0.00   0.01 -0.03   0 0   -1 0   110.21
97739 201.00 -0.06   0.00 -0.01   1 0   0 1   36.19
99655 201.00 0.00   -0.01 -0.03   0 0   0 0   24.82
102880 201.00 0.13   -0.01 -0.04   0 0   0 0   114.99
99813 201.00 -0.06   -0.01 -0.04   0 0   -1 0   111.84
97323 201.00 0.00   0.00 -0.02   0 0   0 0   30.41
99973 201.00 -0.06   0.00 -0.02   0 0   0 0   29.09
99956 201.00 0.00   0.00 -0.03   0 0   0 0   28.23
99942 201.00 -0.06   0.00 -0.05   0 0   0 0   28.28
99924 201.00 0.00   0.00 -0.05   0 0   0 0   27.82
99980 201.00 0.13   0.00 -0.04   0 0   0 0   28.67
99883 201.00 -0.13   -0.02 -0.02   0 0   0 0   28.67
99990 201.00 0.00   -0.02 -0.03   0 0   0 0   28.67
99961 201.00 -0.06   0.00 -0.02   0 0   0 0   28.67
99908 201.00 0.06   -0.02 -0.03   0 0   0 0   28.67
100002 201.00 0.00   -0.02 -0.03   0 0   0 0   28.67
99993 201.00 0.44   -0.02 -0.04   0 0   0 0   28.67
99980 201.00 -0.37   0.00 -0.03   0 0   0 0   28.67
99973 201.00 0.19   -0.01 -0.04   0 0   0 0   28.69
