100006 350.94 -0.56   0.03 -0.03   0 0   0 0   .35
100001 350.94 -0.44   0.01 0.00   0 0   0 0   24.35
99997 350.94 0.19   0.00 0.00   0 0   0 0   24.37
100005 350.94 0.31   0.00 -0.01   0 0   0 0   24.35
99995 350.94 0.31   0.00 0.00   0 -1   0 1   24.35
100000 350.94 0.37   0.00 0.00   0 0   0 0   24.35
100005 350.94 -0.31   0.01 0.00   0 0   0 0   24.35
99999 350.94 -0.13   0.02 0.00   0 0   0 0   24.35
100049 350.94 -0.37   0.00 0.04   0 0   0 -1   25.23
99981 350.94 -1.94   0.07 0.14   1 0   -1 0   24.82
100023 350.94 -1.56   0.10 0.03   1 2   -4 -1   25.23
100425 350.94 -1.31   0.17 0.05   0 -3   2 3   25.21
99955 350.94 0.06   0.18 -0.09   10 -22   -2 27   25.12
99571 350.75 -2.31   0.63 -0.10   31 -76   -7 89   24.40
100846 350.50 -6.56   0.58 0.09   70 -205   -22 243   24.61
282871 350.06 -7.75   0.01 0.04   119 -367   -64 423   3175.12
10634 350.06 3.69   0.09 0.17   2 -863   258 910   25.12
12988 350.12 -4.12   -0.20 0.09   -4 -38   23 58   102.80
98962 350.12 -0.56   0.00 -0.09   -56 -435   167 445   101.36
279952 349.69 7.25   -0.23 0.24   -63 -453   165 443   3193.16
11257 349.62 -12.38   -0.31 0.41   -15 -1013   324 1084   85.17
13709 349.50 -11.25   0.22 0.21   3 -68   17 73   103.76
95208 349.37 12.25   0.14 -0.24   42 -518   103 544   114.05
98055 349.31 -6.25   0.30 -0.33   45 -570   116 608   45.22
101483 349.31 -11.38   -0.32 -0.46   44 -566   118 591   100.96
278370 348.94 0.81   0.10 0.17   49 -580   107 603   3176.42
11990 348.87 -1.19   0.14 -0.18   97 -1250   234 1260   85.75
13882 348.94 6.25   0.10 -0.23   7 -82   16 81   110.65
275654 348.00 48.25   -1.37 -1.35   56 -679   135 678   3203.69
11682 348.12 -33.44   -1.13 -1.03   42 -1538   399 1507   92.85
13823 347.37 -75.12   0.24 0.16   1 -101   30 98   96.25
274849 346.00 -16.69   -0.54 0.31   -17 -776   271 785   3213.04
11105 345.56 -42.19   0.08 0.11   -38 -1593   564 1529   82.63
192461 344.06 -12.56   0.94 0.36   0 -100   35 99   3170.18
14292 344.31 27.25   -0.31 0.58   1 -1630   567 1620   95.27
12247 344.06 -34.75   0.44 0.53   -1 -108   54 145   100.91
267259 342.12 -42.75   -0.33 -0.47   4 -802   265 776   3165.00
192352 339.81 -10.06   0.14 0.16   -8 -1824   675 1838   3190.79
15734 339.81 -0.37   -0.28 0.75   -28 -1914   753 2040   117.60
193655 338.44 -6.69   -0.09 -0.29   0 -161   59 167   3195.56
20072 338.62 -3.56   -0.52 0.87   39 -1845   609 1905   233.27
19965 338.00 -26.81   0.09 1.40   11 -195   53 201   232.59
88658 337.81 0.56   0.03 0.39   48 -815   201 831   230.15
98752 337.25 0.31   -0.09 -0.37   52 -886   219 887   183.71
100062 336.25 -24.31   0.24 0.50   48 -960   262 952   187.43
98767 335.25 -62.88   0.34 0.80   57 -984   254 969   173.59
274079 333.25 3.50   -0.14 -0.38   56 -1061   277 1040   3208.68
26898 333.44 -1.75   -0.37 -1.16   91 -2180   623 2150   300.38
24217 332.50 4.69   0.19 0.53   14 -341   100 334   301.34
68448 332.37 60.75   -0.79 -1.00   33 -924   278 965   114.12
102260 331.31 -57.88   -0.18 -0.08   49 -1234   343 1183   138.02
99557 329.87 -8.88   -0.17 0.20   62 -1201   349 1261   134.47
99864 329.00 -44.56   0.79 2.49   75 -1186   293 1162   131.69
99925 328.62 -51.75   0.23 0.52   63 -1018   273 1086   130.92
97921 327.44 -99.94   0.48 1.77   69 -1016   262 1050   106.00
101427 327.00 -71.81   0.39 1.58   78 -980   225 979   124.17
99915 327.12 15.06   -0.61 -0.41   81 -892   205 965   122.25
99908 326.87 51.94   -0.76 -1.29   70 -827   176 826   120.92
99865 326.25 43.44   -0.82 -1.10   64 -726   180 799   118.99
100108 325.69 29.37   -0.73 -1.13   40 -718   198 742   118.08
99714 324.62 -9.88   -0.19 0.29   41 -675   184 696   115.59
99623 323.94 -11.63   0.23 0.16   34 -685   200 697   115.69
100587 323.75 38.75   -0.72 -0.93   42 -688   183 714   114.51
99903 322.87 44.88   -0.45 -1.28   31 -738   218 755   112.98
99894 322.31 25.31   -0.02 0.09   39 -718   200 784   111.47
100134 322.06 50.56   -0.64 -1.37   43 -778   211 781   111.27
100084 321.25 32.38   -0.13 -0.68   46 -820   228 891   110.21
99947 320.62 -14.56   0.20 0.55   57 -891   206 889   109.14
97139 320.44 56.00   -0.88 -0.76   100 -882   157 926   76.04
99829 319.87 79.44   -0.70 -1.09   97 -903   176 976   72.18
99888 319.56 25.75   -0.42 -0.90   108 -1010   192 1033   68.79
99903 318.81 34.13   -0.49 -0.94   106 -1016   196 1141   66.75
99901 317.94 -23.19   0.40 0.17   122 -1061   176 1095   66.20
99304 317.62 -30.81   0.06 0.00   116 -986   179 1097   40.51
100508 317.25 16.19   -0.32 -0.16   125 -1033   184 1125   63.20
99208 316.94 -61.56   0.45 1.48   137 -994   143 1093   33.80
108933 316.00 -64.62   -0.36 0.50   163 -976   104 1082   162.60
92586 316.31 19.50   -0.40 0.35   167 -875   60 967   77.05
106952 316.50 66.12   -0.99 -1.49   183 -887   37 978   146.62
91200 315.44 63.06   -0.75 -1.83   169 -859   51 992   29.79
108629 315.56 47.19   -0.21 -0.20   179 -942   61 1003   143.15
99821 315.62 17.25   -0.24 0.54   179 -967   70 1090   143.99
98675 315.87 35.31   -0.62 -0.70   146 -934   94 1051   115.88
96206 315.94 -7.00   0.07 -0.98   131 -1019   112 1122   86.13
96130 315.37 -29.75   -0.06 0.37   74 -1046   181 1155   18.93
108682 315.56 25.19   0.15 -0.20   25 -1130   199 1122   133.50
98670 315.81 -71.81   0.60 2.44   -4 -1083   234 1154   108.92
100004 317.19 97.44   -1.25 -1.79   -25 -1087   229 1054   109.59
100107 317.81 40.00   -1.17 -0.91   -51 -1017   225 1048   108.68
100479 318.25 22.31   -0.40 0.42   -72 -954   183 911   116.00
100112 318.87 22.75   -0.20 -0.65   -76 -802   177 833   125.59
100602 319.44 14.44   -1.14 -1.29   -64 -728   131 733   146.82
99488 319.69 -31.37   0.69 1.01   -55 -687   107 660   128.52
99870 320.81 -4.81   -0.04 -0.52   -41 -682   109 725   128.90
99899 321.94 1.19   -0.06 0.75   -35 -759   98 751   124.58
100012 322.81 -6.56   -0.12 -0.41   -29 -699   96 745   127.87
278759 326.44 48.38   -0.25 -0.56   -7 -716   75 734   3182.80
10850 326.31 -15.63   0.55 0.93   -1 -1300   115 1345   39.44
12326 325.94 8.25   0.00 -0.09   0 -54   5 55   104.03
98792 326.75 20.06   0.27 0.18   0 -628   54 657   161.59
98821 327.81 -68.50   -0.08 0.55   7 -723   58 771   120.26
99855 329.31 -27.44   0.56 0.95   9 -699   57 748   117.56
100130 330.75 36.81   -0.06 0.11   2 -769   67 822   123.31
99842 331.62 33.19   -0.11 0.12   25 -801   53 856   119.09
99802 332.94 68.19   -0.63 -0.45   12 -799   59 840   113.91
100084 334.31 35.44   0.00 0.44   14 -869   71 901   119.23
99606 335.31 -25.81   0.53 0.96   13 -846   60 874   106.91
100846 336.87 26.19   0.60 0.76   -21 -880   104 889   135.43
104647 337.62 6.31   0.19 0.60   6 -865   77 920   247.10
94670 339.19 78.69   0.38 0.10   -14 -947   95 929   115.90
99563 340.44 17.06   -0.30 -0.11   -20 -963   116 1015   106.19
111974 341.19 -35.31   0.24 0.84   -64 -981   160 934   353.20
88186 342.25 15.75   0.58 0.61   -54 -940   176 974   111.68
99825 343.00 30.62   -0.14 -0.83   -55 -1016   197 1006   109.45
100449 343.87 -39.50   0.29 1.39   -46 -1041   198 1052   128.88
100037 345.12 -42.69   0.61 0.76   -42 -1069   219 1083   129.09
99751 345.12 -7.06   0.01 0.43   -33 -970   182 986   123.05
99382 345.75 28.00   -0.51 -0.42   -41 -1017   191 1025   101.27
100327 347.44 0.75   0.02 -0.20   -21 -1090   179 1073   114.92
99497 348.44 -4.81   -0.68 0.02   -24 -1047   180 1122   100.70
99998 349.44 -3.06   0.69 0.02   -12 -1028   154 1069   99.49
100172 350.37 -47.56   0.96 1.17   -10 -977   146 1009   108.63
280021 353.69 45.44   -0.69 -1.48   -4 -1074   147 1128   3210.62
11067 353.81 -33.00   0.49 1.14   44 -2059   240 2214   81.84
12386 353.44 -41.13   0.48 1.29   0 -120   11 85   105.27
96375 354.94 8.13   0.42 -0.98   7 -900   122 992   111.34
100748 355.62 -67.00   1.63 2.39   16 -983   115 979   137.99
100159 356.94 17.50   0.16 0.40   34 -953   88 1050   153.96
99706 357.50 19.06   0.47 0.78   50 -962   56 967   135.04
99893 359.25 22.12   -0.74 -0.06   49 -885   47 954   133.10
98759 0.25 24.81   -0.13 0.12   62 -963   37 1005   93.86
99781 1.62 -5.00   0.59 1.48   66 -940   18 998   90.40
99923 3.87 68.75   -0.38 -0.30   55 -945   17 1008   88.37
99917 4.75 47.63   -0.18 0.09   35 -868   33 870   85.63
99863 5.81 -40.50   0.37 0.84   15 -828   52 908   82.54
99965 7.50 42.06   0.00 -1.35   20 -888   46 937   81.07
99865 8.69 -3.87   -0.09 -0.84   16 -864   47 918   79.25
99955 9.81 4.87   0.15 0.20   6 -848   48 914   78.38
99306 11.44 11.44   0.17 0.43   -4 -802   52 861   55.69
99874 13.25 37.63   0.10 -0.08   -5 -872   50 929   53.46
99949 14.50 -16.75   0.78 0.89   -1 -876   41 982   52.07
99879 16.31 -31.06   0.39 0.54   12 -904   24 957   51.18
100582 18.19 4.50   0.47 -0.09   7 -858   23 960   71.79
99746 20.19 0.25   0.43 0.44   20 -914   15 935   67.37
99928 22.19 41.13   -1.28 0.00   8 -884   12 968   65.53
99920 23.56 36.88   -0.23 -1.53   -9 -901   10 901   63.40
99895 25.19 10.94   0.14 -0.09   -22 -885   21 910   61.72
99875 27.69 46.50   -0.20 -0.06   -31 -849   13 891   60.92
99966 29.44 26.69   0.60 -0.17   -30 -887   31 859   60.97
99975 31.44 -4.37   0.43 0.33   -24 -868   25 914   59.75
99823 33.44 57.44   0.02 -0.02   -25 -904   8 890   57.68
99987 35.63 68.31   0.50 -2.03   -16 -815   -8 884   60.30
102364 38.19 29.19   0.38 0.14   -8 -801   -55 850   131.52
98842 40.63 90.19   -0.08 -0.45   0 -724   -76 804   109.95
99921 43.50 45.50   -0.04 -1.46   -1 -762   -70 850   110.27
99921 45.06 34.38   0.09 0.23   -29 -721   -21 790   109.09
99921 47.13 4.87   0.53 0.88   -61 -738   18 779   107.48
99853 49.56 29.75   -1.00 -0.49   -60 -695   25 773   105.03
99901 51.44 11.19   0.23 -0.23   -78 -746   39 759   103.47
99874 53.94 69.00   -0.54 -1.12   -88 -733   63 766   100.70
100036 55.38 65.56   -0.52 -0.81   -82 -652   67 682   101.84
99914 56.81 21.69   0.47 -0.03   -84 -640   68 653   100.45
99885 58.75 -11.63   0.12 0.36   -80 -652   63 664   98.49
100149 60.31 -51.13   0.64 0.84   -78 -729   57 746   101.06
100053 62.13 -16.50   0.53 0.51   -82 -724   70 778   101.97
112621 63.94 13.25   0.21 -0.46   -68 -734   48 736   318.41
100033 65.69 48.44   0.07 -0.76   -73 -679   59 730   318.87
87274 67.19 46.19   -1.02 -0.79   -69 -752   59 744   100.72
99892 68.31 50.75   0.76 0.00   -76 -783   96 839   98.94
99942 70.00 33.75   0.05 -0.63   -75 -864   113 856   97.72
100091 71.00 -42.38   0.44 0.92   -88 -880   149 905   99.44
99841 72.37 -42.06   1.28 1.15   -87 -843   164 890   96.64
100035 73.94 -17.62   -0.14 -0.70   -81 -880   154 859   97.15
99954 74.56 -9.31   0.41 -0.44   -69 -890   162 947   96.35
100024 75.50 26.44   -0.34 -1.74   -50 -919   137 910   96.90
99985 76.00 -40.38   0.61 1.00   -58 -876   152 932   96.59
99893 77.19 10.75   0.09 0.03   -66 -870   153 845   94.75
99823 78.25 0.19   0.42 0.56   -70 -809   155 851   92.08
98905 79.44 -11.81   0.25 0.02   -48 -853   142 871   72.73
99858 80.31 -18.56   0.03 -0.31   -36 -832   133 859   68.93
99907 81.19 1.94   0.15 -2.05   -36 -879   141 901   65.17
99909 81.62 -23.12   0.52 0.31   -36 -812   138 831   65.84
101700 82.56 -6.44   0.32 0.20   -34 -803   142 826   96.47
98119 83.12 -15.81   0.63 -0.03   -6 -836   133 842   63.66
103839 83.44 0.94   0.17 0.37   -7 -848   173 917   130.12
105602 84.31 15.25   0.04 0.30   -1 -930   185 974   222.16
275968 84.87 -25.12   0.45 -0.66   -3 -912   185 954   3199.68
13214 84.56 25.75   -0.32 0.25   13 -1843   363 1897   94.93
11951 85.00 19.56   1.02 0.60   2 -123   25 127   97.72
91113 85.19 40.81   0.07 -1.15   21 -997   176 1037   93.42
100002 85.87 -8.19   -0.16 -0.26   26 -1091   193 1128   93.31
100053 85.56 -6.56   0.17 -0.37   29 -1082   191 1132   94.24
99886 86.25 -14.50   0.88 0.57   41 -1041   176 1148   92.28
100013 86.75 107.50   -1.20 -1.79   35 -1107   183 1118   92.49
101121 87.19 -14.25   -0.14 -0.21   21 -1083   215 1181   111.66
99719 86.94 -16.19   0.25 -0.44   20 -1040   194 1059   106.76
99751 87.62 23.81   -0.89 -1.41   39 -1031   189 1099   102.64
99814 87.00 -20.19   0.85 0.99   30 -987   191 1110   99.44
107746 88.19 35.31   -0.46 -1.29   21 -1090   217 1102   232.28
92503 87.31 25.44   -0.02 -0.51   20 -1009   232 1108   103.74
101999 87.56 25.19   -0.20 -0.53   7 -1030   210 1037   137.95
97660 87.69 -23.94   0.49 -0.50   25 -996   211 1097   97.81
100413 87.37 -46.69   0.54 1.39   27 -1082   209 1090   104.98
106779 87.81 -42.06   0.27 0.04   31 -999   204 1102   221.18
90874 88.25 6.69   -0.13 -0.52   21 -969   208 1008   64.64
109139 87.94 6.69   0.23 0.28   35 -932   182 968   221.39
91146 88.00 22.87   -0.89 -2.73   28 -970   197 1008   69.61
100025 88.00 -16.87   0.00 -0.34   9 -922   219 959   70.01
99770 87.94 4.81   0.40 0.04   20 -901   192 931   66.04
101969 88.06 0.25   0.26 -0.37   14 -866   186 886   99.83
108202 88.50 25.94   0.00 -0.72   24 -919   187 955   240.51
89185 88.69 80.44   -1.61 -2.77   23 -922   201 1009   54.91
103178 88.31 34.25   -0.12 -0.73   19 -990   221 1008   109.49
96756 88.12 26.12   0.12 -0.80   25 -974   205 1020   53.87
102983 88.19 12.81   0.02 -1.68   36 -990   203 1049   105.01
99906 88.06 -31.44   0.56 -0.17   38 -1052   215 1137   103.43
99842 87.75 -8.50   0.45 0.66   26 -1022   242 1134   100.74
99993 88.12 35.69   -0.23 -0.94   44 -1042   218 1063   100.69
107602 88.06 3.25   0.04 -0.67   41 -995   234 1087   230.94
92200 87.44 -14.25   0.07 -0.04   63 -1064   208 1071   96.98
107224 87.69 17.00   -0.92 -1.89   71 -1024   213 1126   221.10
99985 87.06 -39.75   0.16 0.43   68 -1094   217 1097   220.86
92515 87.25 2.25   0.48 -0.49   69 -1002   192 1073   92.42
101447 86.87 11.38   0.24 -2.11   97 -1130   194 1179   114.10
99800 86.00 -54.75   1.03 1.60   107 -1125   179 1183   110.48
97250 87.19 16.00   -0.05 -0.42   118 -1256   197 1338   66.70
102017 86.50 28.75   0.16 -0.18   125 -1164   158 1238   101.29
97582 86.69 -11.56   -0.63 -0.89   145 -1203   149 1283   59.60
99851 86.87 88.44   -1.05 -1.75   140 -1148   138 1272   57.06
284225 86.25 -26.81   0.58 1.45   134 -1208   149 1240   3187.28
10757 85.50 -1.87   1.37 2.32   234 -2266   302 2375   57.06
19406 86.06 32.44   -0.33 -1.73   8 -94   14 99   216.96
89688 86.31 -56.56   -0.48 0.13   104 -1122   156 1183   122.76
97734 85.81 57.94   0.08 -0.26   89 -1093   168 1145   88.31
99956 85.87 27.69   -0.11 -0.29   80 -1083   189 1145   87.55
101032 85.56 40.13   0.21 0.20   92 -1042   164 1164   101.05
112521 85.50 -3.31   -0.18 0.56   105 -1104   155 1135   319.85
87305 85.25 -12.06   0.64 0.26   89 -1038   165 1160   98.48
99917 85.81 6.19   -0.02 -0.43   90 -1059   154 1095   96.28
99795 85.44 -24.62   0.73 1.80   100 -1012   148 1154   94.26
99889 86.37 29.12   -0.47 -1.82   95 -1041   149 1103   92.70
99934 85.81 -64.44   -0.26 -0.95   76 -1064   176 1193   90.41
99839 85.81 -35.25   0.42 -0.18   89 -1107   176 1189   88.22
100016 85.94 -53.81   -0.72 -1.22   103 -1166   162 1211   88.68
99727 86.56 83.62   -0.77 -2.08   101 -1140   185 1294   84.17
100081 85.62 -71.56   -0.09 -0.38   95 -1211   205 1255   84.98
98335 85.81 -14.38   -0.08 -0.52   88 -1146   193 1261   59.97
109058 85.06 13.63   1.43 2.02   118 -1217   175 1299   215.28
100049 85.75 -40.63   0.42 -1.67   106 -1152   167 1235   215.99
98420 85.25 54.06   0.17 -0.24   99 -1210   200 1279   188.99
96129 85.44 15.94   0.03 -0.61   95 -1142   174 1191   122.64
99720 84.81 35.31   0.02 -0.49   120 -1184   162 1248   116.74
99574 85.87 -27.81   0.59 -1.71   106 -1147   173 1255   106.84
100250 84.62 47.44   -0.27 -0.81   98 -1214   188 1228   114.22
98433 84.87 -12.94   -0.04 -0.69   90 -1133   183 1219   83.97
111489 85.25 46.44   -0.43 -1.61   110 -1176   158 1180   282.31
88415 85.50 18.00   0.48 -1.19   98 -1136   180 1234   82.29
100853 84.75 25.62   -0.11 -0.83   99 -1162   189 1159   96.81
99718 84.75 10.75   0.04 -0.89   96 -1125   178 1163   92.88
99991 84.44 -16.12   0.76 1.95   108 -1089   167 1202   91.98
99884 85.00 11.19   0.25 -0.42   106 -1164   175 1183   90.67
99818 84.44 15.44   0.13 -0.29   93 -1146   194 1258   87.41
107217 84.69 36.19   -0.36 -1.44   90 -1164   176 1164   211.25
100164 84.25 23.50   0.47 0.67   109 -1084   167 1194   210.70
100119 84.62 4.25   0.58 -0.73   101 -1097   161 1162   210.65
100231 84.56 9.56   0.06 -0.57   87 -1070   170 1134   213.53
101934 84.44 3.50   0.13 -1.16   92 -1122   177 1181   244.20
97981 83.81 -23.62   0.69 0.97   102 -1128   166 1192   211.72
94449 84.37 -29.44   0.26 -0.28   103 -1217   193 1312   126.65
99960 84.56 35.94   -0.49 -1.46   100 -1212   206 1309   126.29
99529 84.25 0.50   0.21 0.06   101 -1260   207 1350   117.53
100161 84.56 23.06   0.01 -0.93   107 -1243   193 1340   120.79
98190 84.19 44.31   -0.56 0.76   88 -1165   182 1255   89.61
99946 83.56 31.12   0.39 0.37   98 -1182   188 1243   88.58
99959 83.56 -12.19   -0.25 -0.33   90 -1108   170 1172   88.13
283881 84.31 76.87   -0.62 -1.55   101 -1127   171 1198   3210.27
11024 84.19 -13.19   -0.35 -0.94   179 -2173   343 2293   81.53
12905 83.37 -88.06   1.05 1.09   8 -90   22 140   106.48
102162 83.56 23.75   0.14 0.43   84 -1044   163 1093   259.14
97937 83.81 -3.12   0.10 -0.91   107 -1124   152 1136   214.10
92585 83.44 29.06   0.32 -0.75   85 -1056   162 1160   96.43
99863 83.00 47.50   0.36 -0.75   85 -1119   178 1121   94.24
99999 83.00 30.12   0.31 -0.17   94 -1133   166 1178   94.20
103000 82.94 -61.88   0.57 0.67   107 -1154   171 1258   145.65
104789 83.69 -42.50   0.57 -1.11   106 -1218   177 1224   216.55
92695 82.75 -15.94   -0.27 -0.40   102 -1199   195 1314   102.45
107420 82.81 28.50   -0.21 -0.50   106 -1221   181 1243   224.94
94477 82.19 -51.88   1.97 1.46   109 -1167   178 1274   135.02
110896 82.75 -35.06   0.26 0.08   101 -1187   177 1202   282.20
94284 82.44 68.94   0.35 -0.53   88 -1121   190 1230   213.74
94337 82.31 9.69   0.57 0.86   91 -1101   169 1161   126.67
99962 82.56 -53.63   0.66 0.40   95 -1026   151 1093   125.95
100127 82.94 75.75   -0.74 -1.04   90 -1034   163 1099   128.23
100225 83.06 42.25   -0.61 -0.30   83 -1001   152 1067   131.99
282307 82.81 47.75   -0.88 -1.89   87 -1061   166 1130   3199.92
11476 82.87 -34.81   0.52 0.52   199 -2143   321 2261   85.03
13024 81.81 -75.87   0.26 0.83   12 -138   22 146   110.19
98059 82.37 31.31   -0.84 -1.20   90 -1063   167 1125   215.54
93615 81.50 -96.00   1.26 1.50   100 -1133   176 1198   105.85
100646 81.81 -36.63   0.09 0.43   109 -1160   174 1218   117.17
99439 82.37 -26.69   0.61 0.96   93 -1067   162 1130   107.67
99404 81.94 0.00   0.18 -0.31   101 -1120   169 1181   97.14
100879 81.75 -103.75   0.99 1.16   101 -1083   160 1191   112.35
98937 81.94 -16.75   0.45 0.78   89 -1085   152 1111   94.08
104847 82.06 21.94   -0.43 -1.05   90 -992   148 1121   165.14
94946 81.56 -42.69   0.50 -0.26   88 -1004   150 1054   90.41
99836 80.87 -61.81   0.96 1.22   75 -1040   173 1137   87.77
98585 81.44 -78.31   1.07 0.60   72 -992   169 1085   63.42
103827 82.00 20.06   -0.03 -0.82   90 -1114   172 1196   129.19
99109 81.12 -52.75   1.08 1.19   93 -1093   176 1214   113.86
96681 82.12 -3.25   -0.31 0.00   79 -1178   173 1184   56.42
111928 82.75 97.44   -0.50 -1.44   55 -1132   182 1224   234.06
88648 82.25 -22.50   0.22 -0.65   53 -1177   185 1160   66.89
105228 82.94 -26.00   1.00 0.72   54 -1109   182 1192   144.40
99502 83.75 29.19   -0.06 0.00   38 -1177   194 1151   138.14
97281 83.06 -66.50   0.72 0.52   24 -1146   217 1211   101.34
102252 84.12 -31.12   0.10 0.43   18 -1183   212 1214   130.46
99880 84.94 52.13   0.09 -1.06   18 -1170   205 1159   127.68
97814 85.00 -31.12   0.85 1.79   2 -1150   232 1239   100.43
100661 85.56 -21.69   0.56 -0.09   -4 -1241   236 1240   111.73
99843 85.69 -47.00   -0.03 0.15   0 -1186   242 1314   109.01
102309 86.94 -25.44   1.53 2.15   4 -1198   219 1210   136.72
96723 87.19 20.06   -0.31 -1.50   -10 -1115   234 1208   92.46
103179 87.00 -52.94   0.02 -0.56   -8 -1131   200 1189   135.66
97621 88.12 -12.88   -0.68 -0.08   5 -1092   179 1141   106.04
100396 89.31 46.81   0.37 -0.12   2 -1072   176 1134   109.01
105124 90.12 19.31   -0.21 -0.24   -2 -1021   162 1071   193.16
94995 90.31 -69.00   0.19 -0.79   21 -1047   144 1110   106.57
99033 91.06 -36.63   0.43 0.25   25 -973   134 1027   98.44
100172 92.06 68.19   0.19 -0.26   18 -978   135 1020   98.41
99684 92.81 -7.50   -0.01 -1.31   7 -968   147 1002   95.90
99935 93.06 -31.37   0.30 0.29   3 -924   136 967   94.74
102883 94.00 10.19   0.39 -1.30   4 -926   132 961   132.86
100058 94.44 0.25   0.36 0.33   -1 -861   124 895   134.39
100225 94.81 44.19   0.56 0.21   -7 -859   128 902   138.95
99185 96.06 12.81   0.46 -0.17   -22 -828   125 866   124.85
100230 97.44 -56.69   0.59 0.54   -16 -886   124 929   127.01
96960 98.50 12.50   0.03 -1.17   -26 -863   118 911   84.29
109045 99.69 -11.50   -1.41 -1.04   -19 -939   120 1003   200.76
88225 100.12 -16.94   0.60 -0.49   -38 -921   137 970   39.98
99777 101.50 -47.25   1.09 0.53   -47 -978   145 1043   36.32
99944 103.44 119.75   -0.52 -1.75   -61 -1002   148 1042   35.36
100160 104.44 22.37   -0.44 0.17   -69 -917   141 1008   38.00
102253 106.25 38.94   -0.21 -0.90   -84 -941   130 940   74.24
99998 107.62 56.56   0.36 -0.14   -87 -891   142 950   74.09
100109 109.44 68.00   -0.69 -1.06   -101 -909   136 926   73.59
99894 110.37 44.19   0.64 1.32   -81 -830   101 856   71.40
103037 112.44 31.62   -0.41 -0.80   -95 -822   116 852   128.81
107834 114.31 30.31   -0.05 -0.05   -94 -825   112 829   221.54
99993 116.69 14.00   0.22 -0.19   -104 -868   118 871   222.64
91906 118.56 95.37   -0.81 -2.02   -87 -826   108 845   124.03
99880 119.87 74.62   -0.29 -1.19   -110 -799   115 827   121.66
99951 121.12 9.13   0.30 0.16   -108 -759   114 794   121.35
99830 123.31 44.19   -0.55 -0.70   -107 -766   98 761   118.40
100220 125.00 51.69   -0.41 -0.51   -100 -713   99 780   122.26
99805 127.12 23.19   -0.64 -0.84   -122 -722   100 731   118.87
100272 128.81 -7.56   0.02 -0.15   -111 -729   95 772   123.53
99704 130.75 50.19   -0.40 -0.90   -105 -684   92 722   118.40
99994 132.31 -23.44   0.25 0.40   -110 -720   94 763   118.35
100170 134.19 3.06   -0.06 0.15   -121 -686   116 738   121.28
99697 136.31 15.25   -0.57 -0.66   -121 -730   111 732   116.04
100264 138.37 54.56   -0.76 -1.25   -108 -700   106 769   120.63
99752 139.62 -14.06   0.29 1.19   -122 -684   104 678   116.33
99961 141.75 58.31   -0.41 -0.73   -116 -662   105 704   115.66
278900 148.00 35.44   -0.67 -3.22   -115 -683   94 715   3180.07
11627 147.94 -8.94   -0.76 0.39   -200 -1352   130 1431   91.48
16087 147.25 -72.00   0.76 2.37   -11 -85   6 93   124.92
95180 149.94 24.44   -0.38 -0.33   -104 -629   64 668   128.35
99666 152.19 23.75   -0.48 -0.48   -117 -687   75 735   123.86
98641 154.00 47.63   -0.82 -0.87   -111 -688   70 701   112.26
99653 155.44 -58.13   0.59 1.53   -86 -672   44 768   109.18
100078 158.69 7.25   -0.48 -0.52   -94 -723   52 807   108.56
100090 161.06 42.38   -1.15 -1.29   -91 -695   55 775   107.08
100286 162.87 99.50   -1.52 -1.64   -107 -691   65 755   108.66
99687 164.19 37.44   -0.71 0.67   -92 -648   52 690   105.61
100310 166.81 107.62   -1.25 -1.34   -119 -642   87 679   105.99
99696 168.75 110.87   -1.58 -1.73   -115 -641   93 700   103.28
100485 170.06 30.25   -1.11 -1.12   -98 -700   76 703   105.22
99669 171.62 47.50   -0.39 -0.69   -107 -653   108 693   100.82
100299 173.00 28.56   -1.04 -1.04   -109 -721   119 694   102.73
99730 173.94 4.06   0.00 -0.15   -116 -770   156 759   100.40
100096 175.19 21.75   -0.24 -0.67   -95 -797   149 790   99.64
99822 176.44 -46.69   -0.24 0.25   -91 -862   168 865   97.14
99964 177.87 -2.94   -0.69 -0.67   -78 -814   159 850   96.38
100148 178.69 -49.81   -0.46 -0.02   -91 -845   161 821   96.43
100225 179.56 -75.12   0.30 0.00   -80 -806   155 860   95.63
99532 180.87 -10.19   -0.27 -0.23   -76 -886   149 869   92.68
100192 181.44 -37.13   0.43 1.45   -60 -884   162 940   92.18
100171 183.37 -20.56   0.00 -0.24   -76 -912   164 936   91.77
99847 185.31 11.25   -0.98 -1.54   -61 -903   153 940   89.21
100068 185.56 -3.37   -0.34 0.20   -73 -962   171 1008   88.82
100063 187.00 34.31   -0.67 -0.73   -72 -964   181 1000   87.29
99985 187.62 -2.00   -0.43 0.08   -77 -898   193 1014   85.87
102502 188.94 -14.19   0.01 0.08   -102 -928   228 947   105.06
97892 189.50 -21.94   0.04 -0.16   -117 -905   293 1014   88.92
102826 190.06 -25.69   -0.11 0.22   -113 -983   312 1091   136.84
99107 190.19 -65.37   0.31 1.13   -109 -982   307 1073   107.00
99845 191.37 -46.94   -0.15 0.69   -125 -1016   310 1065   101.10
100757 193.12 50.44   -0.73 -0.29   -107 -959   268 988   131.21
97715 192.94 -34.69   -0.16 0.66   -96 -1015   252 1010   84.45
100482 193.87 25.56   -0.61 -0.01   -85 -982   234 995   87.10
100676 194.94 -35.19   -0.76 -0.01   -88 -1048   234 1043   95.18
99718 195.75 22.50   -0.69 -0.58   -88 -969   221 985   86.33
100847 195.87 -10.31   -1.10 0.43   -79 -966   199 918   123.26
98793 196.50 8.44   -0.70 -0.17   -68 -951   212 956   82.42
100334 197.50 20.19   -0.61 -0.47   -63 -919   190 936   93.48
99618 198.37 7.44   -0.72 0.10   -45 -973   172 998   82.46
100190 199.06 -4.69   -0.26 0.30   -33 -896   144 913   92.63
99954 200.06 -9.50   -0.04 0.90   -19 -913   129 933   91.15
100106 201.81 50.19   -0.80 -0.13   -29 -873   133 940   103.84
99709 202.62 45.06   -1.06 -0.83   -39 -897   135 904   90.24
104904 203.87 16.19   -0.67 0.06   -50 -796   137 882   207.21
94760 204.87 7.87   -1.05 0.31   -90 -761   142 764   83.54
100812 205.44 -40.13   -0.50 -0.36   -122 -688   176 742   115.25
99178 207.37 0.62   0.09 0.79   -134 -705   172 710   90.09
94108 208.69 26.31   -0.79 -1.68   -118 -732   172 817   21.35
99690 208.94 -51.63   0.15 1.30   -111 -815   178 872   18.37
106570 210.37 -10.69   -0.37 0.55   -109 -758   177 809   108.56
98682 211.69 -23.00   -0.11 0.79   -102 -741   165 800   65.77
101143 212.94 24.50   -0.46 0.94   -101 -722   161 778   106.33
98749 214.44 85.44   -1.25 -1.16   -92 -784   160 828   64.06
96657 215.31 59.00   -0.85 -0.28   -78 -786   148 809   27.05
99646 216.69 56.81   -1.22 -1.50   -66 -777   152 865   23.39
100354 217.06 53.94   -1.00 -1.11   -57 -794   141 842   23.50
99885 217.50 10.69   -0.39 -0.41   -32 -825   142 862   22.28
104093 218.94 60.88   -0.50 -0.11   -33 -937   153 965   94.98
99986 219.81 50.13   -0.26 1.60   -27 -935   143 962   95.63
100111 220.06 101.75   -1.42 -1.35   -29 -969   161 985   105.68
100792 221.56 69.87   -0.99 -0.91   -11 -897   130 943   138.02
99719 221.87 57.31   -0.94 0.07   7 -959   104 922   128.02
99192 223.44 -12.19   -0.20 -1.09   12 -952   102 994   100.09
101677 224.25 -33.94   -0.58 0.77   11 -978   96 945   149.60
99946 225.50 -28.44   -0.24 0.49   38 -874   53 920   148.52
98237 226.12 40.88   -1.39 -0.31   54 -837   37 826   103.40
99823 226.94 35.81   -0.49 -0.30   61 -816   29 883   96.02
101667 228.00 -14.25   -0.18 0.52   64 -877   30 911   144.01
98142 228.69 6.81   -0.04 1.31   68 -891   44 886   92.94
109534 230.37 -14.75   0.33 0.68   76 -845   31 925   246.82
99742 231.87 43.38   0.15 0.69   50 -885   63 881   246.36
100063 232.31 -25.62   0.22 0.88   36 -914   75 990   249.22
101622 233.94 10.00   -1.13 -0.56   19 -971   93 952   300.06
88987 233.94 28.44   -1.10 -0.85   13 -915   94 984   101.00
99470 234.75 36.31   -0.83 -0.21   16 -885   84 916   86.59
111114 236.37 23.06   -0.27 0.63   2 -845   104 865   292.72
88667 236.06 77.19   -0.77 -0.77   -20 -912   156 929   82.83
99469 237.69 20.44   -0.76 -0.28   -30 -927   183 953   65.68
99797 238.25 40.25   -0.57 -0.19   -40 -999   231 1037   63.40
99984 237.94 81.75   -0.74 -0.57   -54 -968   256 986   65.07
99899 238.50 46.25   -0.38 -0.84   -59 -1059   290 1086   60.51
112036 239.25 -36.81   -0.16 1.14   -74 -1117   326 1154   290.20
88017 238.62 62.44   -1.95 -0.99   -76 -1140   343 1182   67.55
99836 239.50 -84.00   0.54 0.19   -99 -1192   368 1215   62.39
99762 240.25 -32.81   -0.39 0.14   -113 -1133   367 1143   58.62
99964 240.75 -11.94   0.42 1.66   -111 -1166   367 1177   57.21
103140 240.44 14.50   -0.65 -0.02   -103 -1116   350 1181   120.55
96606 238.94 80.75   -2.20 -0.96   -101 -1109   300 1073   53.46
100076 239.37 57.19   -0.53 0.90   -110 -1016   306 1050   54.61
99950 241.06 17.50   -0.82 -0.23   -110 -1003   280 973   55.74
99717 241.50 31.19   -0.54 0.18   -71 -936   226 1003   48.93
282212 244.37 30.12   -0.81 -0.39   -68 -960   199 951   3193.16
191995 246.37 18.06   -0.64 -0.09   -81 -1721   309 1815   3184.72
8532 246.37 -6.19   -0.37 0.07   0 -1706   208 1788   38.67
16695 246.25 13.19   -0.26 0.83   0 -144   19 151   39.24
99866 247.87 23.25   -1.06 -0.29   13 -893   80 919   37.04
99877 248.62 45.63   -0.95 -0.71   8 -825   81 903   34.04
282789 251.94 28.06   -1.23 -0.51   19 -869   86 913   3189.13
8059 251.69 -26.94   -0.32 1.27   53 -1725   182 1840   30.70
192135 253.00 34.19   -0.52 0.23   0 -76   13 83   3186.37
15088 253.37 39.38   -0.78 -0.22   4 -1733   255 1825   103.76
12380 253.19 -30.37   -0.50 0.13   0 -141   21 147   104.72
93751 253.69 -22.81   -0.28 0.89   7 -784   112 817   100.60
103594 254.56 12.19   -0.73 -0.87   16 -907   118 949   139.74
96747 255.25 -28.12   -0.50 0.99   0 -884   132 961   100.76
102983 256.06 -59.31   -0.69 0.57   -1 -888   128 894   135.67
99986 257.06 -9.88   -0.10 -0.32   -8 -751   124 834   133.60
96366 257.69 -43.44   -0.52 0.05   7 -817   119 824   93.19
103311 258.25 -66.37   -0.12 1.05   16 -863   119 916   129.88
96468 259.06 -13.06   -0.08 0.86   12 -890   147 978   89.64
102084 260.00 -30.62   -0.53 0.05   14 -964   150 980   103.35
97455 260.00 -21.44   -0.23 -0.18   -14 -962   204 1053   83.95
100333 260.31 10.06   -0.68 0.76   -22 -1111   247 1120   85.58
99224 260.69 -5.62   -0.68 0.21   -39 -1148   320 1265   78.51
103717 261.19 46.19   -1.27 -0.56   -51 -1230   348 1261   116.43
96342 260.94 20.37   -0.51 0.90   -49 -1127   349 1237   76.44
103488 260.87 40.88   -0.68 0.01   -34 -1159   324 1222   112.83
96459 260.75 -21.19   -0.06 1.70   -26 -1069   289 1138   74.05
99007 261.50 49.25   -1.03 -0.60   -3 -1062   254 1129   67.35
104396 261.19 1.69   -0.55 0.68   -8 -944   218 981   111.96
95210 261.69 -14.00   -0.33 -1.68   9 -1002   199 1054   60.35
99668 261.19 -16.94   0.72 1.63   1 -1057   217 1062   57.45
99672 262.37 36.56   -1.19 -0.80   26 -1138   228 1225   53.49
99916 262.12 5.69   -0.41 0.53   33 -1221   229 1254   52.07
99909 262.87 78.19   -1.52 -2.14   29 -1243   249 1297   50.85
100077 261.87 22.81   -0.75 0.83   17 -1311   276 1377   49.68
99913 262.94 -48.19   -1.00 0.30   33 -1224   257 1299   48.67
99678 262.81 -9.25   -0.31 0.46   41 -1173   234 1230   44.40
100121 263.87 32.31   -1.87 -1.56   41 -1110   215 1158   43.89
100305 262.50 30.12   -0.78 0.57   6 -1128   267 1177   46.55
100142 263.69 46.44   -1.38 -1.01   0 -1058   263 1142   46.99
99697 263.06 1.00   -0.67 0.24   8 -1026   239 1033   42.38
100320 262.87 11.19   -0.03 0.38   -6 -1022   281 1101   44.35
104735 263.00 43.56   -0.88 -1.40   -5 -1161   306 1150   119.47
100186 262.50 -30.75   0.36 1.53   -17 -1212   348 1250   127.24
99781 262.37 18.25   -0.23 -0.78   -4 -1221   342 1259   122.31
99974 262.19 -3.37   -0.74 0.36   -8 -1263   357 1298   119.54
99792 261.94 40.19   -0.85 -0.42   26 -1219   322 1354   119.57
99884 261.25 -34.19   -0.56 0.60   29 -1233   291 1240   117.32
99693 261.69 -21.56   0.39 -0.15   51 -1173   263 1286   108.10
100297 261.62 -9.19   -0.03 0.76   65 -1279   255 1285   117.24
99818 262.00 63.06   -0.48 0.32   80 -1296   250 1418   110.84
99610 261.19 59.31   -1.07 -1.13   88 -1386   252 1439   103.98
100254 261.37 11.13   -0.32 0.83   79 -1264   226 1290   107.19
99702 261.44 60.50   -1.16 -2.70   97 -1289   208 1333   102.56
99752 261.06 7.69   -1.19 -1.10   83 -1206   198 1250   96.18
100407 261.75 -86.44   0.32 1.68   92 -1244   192 1294   113.38
100029 261.44 -4.31   -0.03 0.74   75 -1116   184 1200   115.81
99805 262.56 -65.81   0.55 2.72   88 -1175   164 1181   111.51
99897 262.25 67.50   -1.28 -1.59   74 -1130   183 1245   110.69
99287 261.87 -76.00   -0.53 0.55   74 -1173   182 1182   86.11
99936 262.12 -15.00   -0.37 0.57   65 -1094   179 1148   82.63
99790 263.25 20.12   0.13 1.99   78 -1059   154 1124   78.80
101198 262.75 88.44   -1.41 -2.10   61 -1095   175 1155   126.33
98597 263.62 -11.13   -0.66 0.82   72 -1077   171 1188   76.08
99819 263.25 0.56   -0.43 0.58   72 -1091   163 1104   70.56
99776 264.06 54.69   -0.50 0.11   84 -1064   159 1175   65.07
100298 263.19 0.69   -1.45 -0.97   74 -1083   158 1116   76.13
99845 264.75 47.63   -0.91 -0.42   74 -1021   151 1151   75.77
100098 264.56 31.06   -0.67 0.28   79 -1008   133 1098   78.12
99726 264.75 -1.81   -0.57 0.72   81 -975   128 1050   70.64
99897 265.19 30.31   -1.04 -0.62   61 -954   151 1013   68.98
99843 265.06 -40.81   -0.06 1.59   52 -869   143 911   65.92
99909 264.94 22.50   -1.02 -1.58   60 -877   146 920   64.52
99954 265.25 -7.00   0.14 0.24   51 -806   132 848   63.08
99813 265.62 -34.44   -0.10 0.96   66 -909   138 947   58.46
100466 265.87 22.31   -0.49 0.08   43 -898   163 976   76.69
111130 265.44 -12.06   -0.28 0.95   37 -963   185 967   285.65
90596 266.06 1.19   -0.84 0.04   31 -976   204 1027   129.43
99871 265.94 28.87   -0.95 -0.49   10 -916   219 945   127.25
99967 265.12 0.56   -0.63 0.79   18 -955   242 1008   126.96
97396 264.69 10.88   -1.33 -0.99   6 -868   240 939   50.71
111477 264.81 36.50   -0.87 -0.53   7 -908   239 906   268.74
90931 264.25 -10.88   -0.16 0.26   23 -885   239 968   123.24
99787 264.12 -6.44   0.02 1.13   18 -989   239 1001   119.69
98653 263.87 46.63   -0.73 -1.56   44 -1004   249 1127   85.63
101245 264.12 -2.44   -0.47 0.27   39 -1089   253 1113   117.96
98619 263.06 59.69   -1.03 -1.28   29 -1072   274 1170   84.00
99890 263.19 -4.62   -0.36 0.44   24 -1119   286 1160   82.13
102003 262.81 8.88   -0.99 -0.18   41 -1116   262 1168   121.32
97888 262.62 -44.63   -0.50 0.42   25 -1146   291 1193   85.53
101463 262.25 28.50   -0.95 -0.24   26 -1109   272 1156   115.56
100420 262.19 28.25   -0.74 0.05   21 -1140   305 1188   115.28
99284 261.75 -13.69   -1.00 0.14   38 -1150   281 1207   110.53
102586 261.87 -6.31   -0.66 -0.31   13 -1044   282 1093   129.69
99911 260.94 -63.81   -0.39 0.88   18 -1053   274 1096   127.80
100143 260.81 -45.50   -0.01 0.93   13 -950   242 989   127.75
99885 261.44 24.81   -1.06 -0.40   16 -1007   258 1054   126.50
99841 261.50 26.06   -0.83 0.07   1 -915   237 958   124.59
100380 260.81 16.75   -0.38 0.57   -13 -927   243 954   125.33
99839 261.00 31.56   -0.52 -0.18   -16 -903   228 973   124.80
100117 261.12 3.06   -0.34 0.26   -13 -953   203 949   123.81
100224 261.69 -8.75   0.16 -0.79   5 -981   210 1073   125.06
100283 261.56 -83.25   0.44 1.85   -15 -1054   228 1056   126.34
96030 262.00 -25.94   -0.34 0.30   -26 -1003   246 1090   95.06
100977 262.44 -0.25   -1.23 -0.34   -29 -1018   229 1021   101.43
99257 262.00 -32.31   -0.13 1.10   -48 -978   258 1057   94.00
100941 262.00 -21.81   -0.27 0.20   -45 -1010   261 1055   100.55
104339 263.94 45.25   -0.75 -0.36   -78 -971   261 965   134.71
94396 264.00 -35.50   -0.10 1.19   -91 -882   274 938   89.20
100569 264.56 -17.00   0.27 1.15   -89 -849   230 826   91.51
104783 265.37 13.69   -0.02 0.55   -85 -835   234 880   131.71
95226 265.87 -47.44   -0.26 0.40   -92 -857   242 877   90.79
100097 266.81 -11.06   -0.04 0.58   -93 -839   228 855   91.00
104356 268.31 17.37   -1.10 -1.38   -109 -894   263 903   121.97
99066 268.94 -8.38   -1.19 -1.11   -124 -837   275 843   114.60
100804 269.00 -0.44   -0.28 0.71   -138 -878   289 885   127.25
99051 269.81 -15.31   -0.41 0.27   -146 -833   317 878   111.96
100868 270.44 -20.25   -0.37 -0.04   -159 -907   323 877   124.85
99860 271.81 13.38   -1.04 -0.84   -168 -879   350 929   123.46
99849 272.44 -22.94   -0.84 -0.87   -193 -887   354 862   121.59
100089 272.87 -45.13   -0.53 0.32   -197 -858   377 905   124.54
99932 273.37 -31.50   -0.63 0.24   -219 -898   362 879   123.22
99922 274.62 12.25   -0.17 -0.68   -205 -919   363 948   123.58
100032 275.37 -50.63   -0.31 1.08   -205 -831   360 890   121.90
99752 276.06 -10.56   -0.16 1.00   -201 -786   305 777   117.91
99783 277.06 2.37   -0.23 0.65   -200 -725   317 775   110.89
99834 278.12 -3.06   -0.13 0.58   -191 -757   292 738   109.78
99888 279.12 -17.00   0.00 1.19   -187 -754   301 800   107.32
99649 280.19 21.37   -0.25 0.68   -200 -819   313 832   97.22
100276 281.31 32.00   -0.49 0.64   -192 -763   283 774   108.46
100137 282.75 34.13   -0.39 -0.13   -207 -746   278 737   109.52
99327 284.00 0.81   -0.51 0.21   -209 -740   274 735   93.12
100695 285.37 12.06   -0.59 1.03   -209 -740   235 743   119.72
99499 287.06 25.87   -0.43 0.33   -197 -689   194 691   101.13
99632 289.06 27.37   -0.60 -0.14   -211 -700   188 701   90.43
106156 291.25 15.50   -0.97 -0.49   -235 -662   210 676   252.52
93733 292.81 45.75   -0.50 0.12   -272 -646   218 599   93.28
99871 294.75 28.56   -0.67 -0.57   -280 -646   223 619   87.79
99859 296.62 17.19   -1.16 0.26   -273 -609   226 590   86.21
99886 298.62 29.25   -0.52 0.27   -349 -622   286 597   84.29
99915 300.87 45.75   -0.76 -0.30   -346 -541   267 528   85.05
100963 302.87 42.63   -0.67 -0.05   -373 -484   254 423   118.92
98939 305.50 43.88   -1.07 -0.61   -389 -395   271 366   82.71
99892 307.31 -3.37   -0.31 0.81   -448 -311   272 231   82.51
100043 310.12 39.25   -0.69 -0.28   -483 -203   299 137   84.19
100093 312.62 25.31   -0.61 0.62   -552 -147   322 63   85.36
99902 315.19 26.56   -0.86 -0.19   -582 -42   326 -72   88.15
101489 317.69 40.25   -0.33 0.35   -634 76   346 -196   141.20
99421 320.12 23.87   -0.55 0.16   -584 153   306 -290   123.93
100610 322.19 29.12   -0.30 0.41   -572 242   279 -382   145.88
99596 324.00 21.50   -0.36 0.13   -465 310   200 -411   132.88
99811 325.56 22.50   -0.21 0.06   -431 357   164 -452   129.52
100099 326.87 32.25   -0.50 -0.04   -381 390   134 -493   135.55
100031 328.06 7.44   -0.01 0.25   -337 402   103 -499   138.16
100087 329.19 3.56   -0.23 0.13   -324 398   107 -473   140.27
100000 330.12 -4.31   0.36 0.12   -298 403   84 -475   140.29
99839 331.12 4.06   -0.33 0.48   -291 372   101 -438   141.06
99905 332.19 20.12   -0.38 -0.06   -283 379   91 -467   139.41
100060 333.44 18.19   -0.60 0.00   -329 431   101 -484   143.03
99989 334.50 12.38   -0.24 0.14   -371 482   125 -607   146.15
99924 335.69 11.06   -0.23 0.10   -418 583   125 -648   145.62
98213 336.62 -12.56   -0.34 0.42   -401 618   130 -722   78.36
112173 337.94 6.31   0.18 -0.31   -415 717   115 -816   327.03
87766 338.69 16.94   -0.16 0.38   -390 750   115 -847   80.93
280544 340.19 -12.13   0.26 0.65   -395 841   106 -935   3195.87
10546 340.50 38.25   -0.15 -0.04   -768 1663   224 -1822   69.53
10515 341.00 54.81   -0.57 -0.72   -31 67   17 -114   72.63
98067 340.94 6.06   -0.33 -0.64   -380 829   123 -891   72.05
99762 341.31 -28.94   -0.16 0.15   -367 849   105 -994   66.63
280755 343.75 24.19   0.00 -0.88   -382 892   104 -1011   3192.34
10922 343.69 -33.75   0.19 -0.27   -716 1757   187 -2046   79.83
11004 343.12 -55.81   0.66 0.78   -42 108   8 -123   80.88
277789 344.56 -14.19   -0.12 0.82   -316 796   73 -904   3187.50
10013 344.44 20.62   -0.36 -0.10   -545 1533   98 -1747   48.88
192168 345.12 -13.19   -0.53 0.78   -22 64   3 -72   3182.75
8947 345.06 -7.62   0.18 0.93   -470 1568   65 -1781   45.41
196696 345.75 12.81   -0.20 -0.05   -19 71   2 -78   3217.80
10935 345.62 -14.94   0.13 0.46   -433 1718   -7 -1798   40.59
99605 345.69 -8.75   -0.04 -0.05   -181 835   -35 -879   42.41
281356 346.75 -11.00   0.59 -0.97   -173 871   -64 -911   3191.07
9593 346.62 29.00   -0.38 -1.48   -306 1629   -140 -1696   43.10
13840 347.25 34.38   -0.53 -0.73   -12 67   -12 -104   129.29
95211 346.69 -32.81   -0.27 -0.42   -131 770   -88 -802   48.72
281027 348.06 -11.00   0.29 0.19   -131 755   -92 -783   3187.89
9992 348.00 -5.56   -0.11 -0.20   -248 1383   -173 -1532   59.63
195107 348.94 -2.25   -0.12 0.25   -10 60   -8 -64   3200.21
11166 348.75 -15.00   0.19 0.47   -241 1298   -155 -1401   32.88
192982 349.37 9.63   -0.05 0.02   -15 73   -9 -81   3193.12
9562 349.44 22.62   -0.49 -0.57   -219 1095   -136 -1204   29.33
281415 350.12 -3.94   1.07 -0.02   -114 575   -71 -638   3195.90
8792 350.12 -3.50   1.28 0.60   -234 1206   -137 -1346   31.52
193942 349.69 -11.63   -0.26 0.38   -4 39   -6 -44   3194.22
9292 349.37 -32.19   0.16 0.85   -80 380   -21 -425   34.20
194921 349.69 0.37   0.08 -0.14   -2 0   0 0   3196.40
10479 349.69 -0.56   -0.01 0.01   0 34   -9 -40   34.66
192397 349.69 0.00   0.00 -0.02   0 0   0 0   3191.87
12081 349.69 0.06   0.04 0.00   -2 0   3 0   100.09
99766 349.69 0.13   0.02 0.02   -2 0   2 0   137.54
278196 349.69 0.13   -0.01 -0.02   0 0   0 0   3193.50
8419 349.69 0.25   0.00 -0.02   8 -1   -11 4   36.34
13259 349.69 0.13   0.00 -0.04   0 0   -1 0   120.05
98671 349.69 -0.19   0.03 0.08   1 0   0 1   112.54
96906 349.69 -0.06   0.03 0.04   0 0   0 1   33.13
100011 349.69 0.00   0.02 0.01   0 -1   0 0   33.24
99901 349.69 0.06   0.02 0.02   1 0   0 0   34.09
282846 349.69 0.00   0.00 0.00   0 0   0 0   3184.70
8061 349.69 -0.06   0.02 0.02   0 0   0 0   31.56
9318 349.69 -0.13   0.03 0.02   0 0   0 0   34.09
99636 349.69 0.00   0.02 0.03   0 0   -1 0   33.24
99950 349.69 0.06   0.02 0.01   0 0   0 0   33.24
99957 349.69 0.00   0.02 0.02   0 0   0 0   33.65
99996 349.69 -0.13   0.02 0.02   0 0   0 0   33.65
99907 349.69 0.06   0.02 0.01   0 0   0 0   33.63
99977 349.69 0.00   0.01 0.02   0 0   0 0   33.65
99878 349.69 0.06   0.01 0.02   0 0   0 0   33.63
100002 349.69 0.06   0.03 0.00   0 0   0 0   33.65
99878 349.69 0.00   0.03 0.01   0 0   0 0   33.63
99991 349.69 0.00   0.03 0.02   0 0   0 0   33.65
99954 349.69 0.00   0.02 0.01   0 0   0 0   33.63
100011 349.69 0.06   0.01 0.00   0 0   0 0   33.65
100022 349.69 -0.13   0.02 0.02   0 0   0 0   33.63
99944 349.69 0.00   0.02 0.00   0 0   0 0   33.24
99821 349.69 0.00   0.01 0.02   0 0   0 0   33.65
99993 349.69 -0.13   0.01 0.01   0 0   0 0   33.24
99883 349.69 -0.06   0.02 0.04   0 0   0 0   33.24
99985 349.69 -0.06   0.02 0.00   0 0   0 0   33.24
99995 349.69 0.00   0.02 0.00   0 0   0 0   33.65
99915 349.69 -0.06   0.02 0.00   0 0   0 0   33.24
