99951 23.37 0.25   0.05 0.00   0 0   0 0   21.92
100005 23.37 0.25   0.05 0.05   0 0   0 0   22.78
100328 23.37 -0.62   0.07 0.07   0 0   0 0   22.36
99910 23.37 0.19   0.06 0.05   0 0   0 0   22.78
99947 23.37 0.19   0.05 0.05   0 0   0 0   22.78
99977 23.37 0.25   0.07 0.04   0 0   0 0   23.19
99871 23.37 -0.19   0.08 0.06   0 0   0 0   22.78
100046 23.37 0.06   0.06 0.04   0 0   0 0   24.30
282244 23.37 0.06   0.06 0.06   0 0   0 0   3197.77
9795 23.37 0.06   0.06 0.07   0 0   0 0   54.81
9986 23.37 0.00   0.07 0.06   0 0   0 0   54.61
279165 23.37 0.06   0.06 0.08   0 0   0 0   3165.34
192965 23.37 0.31   0.07 0.05   0 0   0 0   3202.80
10445 23.37 0.06   0.06 0.06   0 0   0 0   58.36
197439 23.37 0.00   0.05 0.05   0 0   0 0   3197.15
192463 23.37 -0.13   0.05 0.06   0 0   0 0   3194.19
7801 23.37 0.69   0.06 0.07   0 0   0 0   26.84
198705 23.44 -0.19   0.06 0.07   0 0   0 0   3173.20
9207 23.44 -0.19   0.06 0.06   0 0   0 0   27.25
193873 23.44 0.06   0.07 0.07   0 0   0 0   3202.83
7784 23.44 0.00   0.05 0.03   0 0   0 0   26.84
196565 23.44 -0.44   0.06 0.06   0 0   0 0   3214.96
10341 23.44 0.00   0.08 0.04   0 0   0 0   27.29
195433 23.37 -0.44   0.10 0.06   0 0   0 0   3227.37
194671 23.37 -0.62   0.05 0.01   0 0   0 0   3198.35
194820 23.44 1.06   0.05 0.04   1 0   0 0   3215.28
194964 23.37 -0.19   0.04 0.08   0 0   1 0   3203.88
191784 23.37 -0.44   0.05 0.11   1 0   -2 0   3182.13
193934 23.37 -0.50   0.10 0.10   2 -1   -2 2   3189.88
194218 23.37 -0.56   0.06 0.02   3 -2   -4 2   3201.08
191853 23.37 0.25   0.04 0.09   15 -7   -13 10   3182.87
195768 23.37 -0.56   0.08 0.05   4 -3   -2 5   3199.50
192767 23.31 -1.31   0.17 0.06   1 -2   -1 2   3194.89
192509 23.31 -0.25   0.19 0.08   18 -24   -8 33   3184.75
15548 23.31 -0.13   0.17 0.07   66 -119   -38 151   120.89
60594 23.31 1.94   0.05 0.07   46 -70   -27 79   177.14
99643 23.31 1.37   -0.05 0.25   91 -122   -78 157   168.86
275773 23.81 2.31   -0.21 -0.17   121 -112   -103 151   3214.63
193760 23.69 -0.19   0.19 0.05   190 -125   -209 195   3188.68
191825 23.81 1.75   0.40 -0.41   31 -65   -11 73   3182.27
14545 23.81 0.56   0.42 -0.36   76 -209   -46 244   112.11
22412 23.81 2.62   0.36 -0.24   9 -46   0 54   119.69
100069 23.81 -2.25   0.53 -0.06   44 -328   29 371   126.28
99910 23.81 -8.06   0.40 0.21   82 -431   25 495   124.10
276492 23.62 -1.00   -0.20 -0.16   136 -534   -1 622   3197.79
14492 23.50 -8.81   0.08 0.00   282 -996   -28 1155   116.84
13441 23.44 -0.81   -0.02 0.07   17 -60   0 91   120.19
95269 23.37 6.62   -0.42 0.04   122 -449   0 487   119.02
277017 23.06 -1.12   0.27 0.33   119 -466   5 522   3201.46
14395 23.06 7.25   -0.43 -0.75   249 -1037   21 1143   128.30
190618 22.94 -21.81   0.00 0.25   24 -103   2 108   3161.55
193951 22.81 -0.75   -0.10 0.05   254 -1130   35 1201   3219.02
192032 22.81 -3.44   -0.28 0.31   260 -1150   29 1213   3185.63
13423 22.75 -3.50   -0.08 0.57   224 -954   23 1027   122.67
18258 22.69 -2.12   -0.06 0.02   15 -71   4 75   125.16
99955 22.69 -5.44   -0.07 0.06   99 -430   11 453   124.15
277048 22.62 -0.50   -0.01 -0.02   99 -424   6 445   3196.04
192363 22.62 6.06   -0.04 0.01   215 -949   19 1017   3188.01
192313 22.69 0.56   -0.37 -0.24   222 -999   23 1061   3191.03
195782 22.62 4.06   -0.22 0.27   219 -953   25 1060   3198.99
193640 22.50 1.19   0.01 -0.08   179 -825   28 904   3213.81
196648 22.50 1.12   -0.04 0.00   186 -840   33 944   3208.78
192579 22.62 0.62   -0.48 0.15   227 -1053   35 1159   3194.48
197002 22.56 3.25   -0.42 0.27   211 -947   19 1082   3215.85
193469 22.69 1.00   -0.18 0.17   191 -805   10 921   3210.89
194829 22.87 1.00   0.04 0.04   194 -589   -71 670   3196.81
191617 23.19 1.87   0.02 0.23   216 -372   -159 465   3174.76
191836 23.87 2.19   -0.48 0.12   294 -399   -235 509   3164.81
196961 23.87 1.12   0.03 0.41   475 -355   -461 526   3223.91
192002 24.62 12.19   -0.16 -0.43   506 -265   -469 400   3162.20
192696 25.87 11.50   -0.09 -0.04   640 -183   -714 346   3192.73
195488 26.75 -1.75   0.10 0.07   674 -106   -794 287   3193.86
11757 26.75 9.44   0.05 0.01   619 -78   -762 243   75.07
280556 28.50 0.88   -0.12 -0.32   331 -32   -390 122   3219.00
11109 28.56 2.31   -0.14 -0.12   931 -102   -1141 360   82.83
196065 28.50 3.25   -0.13 -0.30   67 -6   -50 15   3199.13
192467 27.69 1.94   0.24 0.12   1052 -110   -1115 370   3188.24
193312 28.50 5.12   -0.20 0.23   1095 -45   -1113 328   3208.23
193118 29.94 1.75   -0.30 -0.15   1389 205   -1615 164   3204.58
12729 29.87 -5.00   -0.34 -0.83   1371 305   -1702 49   100.43
199330 30.00 0.69   -0.10 0.17   127 23   -149 11   3166.04
12031 30.06 2.31   -0.07 0.13   921 161   -1037 98   99.09
193068 30.94 4.75   -0.25 -0.42   47 9   -56 3   3185.25
193364 31.56 4.62   0.00 -0.05   751 181   -969 27   3205.06
192133 32.19 -2.25   -0.14 -0.32   675 157   -825 35   3187.34
193100 32.00 1.81   -0.09 0.54   653 137   -796 43   3203.88
194982 33.50 10.00   -0.31 -0.58   508 83   -571 50   3193.43
11018 33.69 9.88   -0.48 -0.68   669 261   -962 -101   78.43
209741 34.75 4.50   0.11 -0.09   102 41   -123 -15   3166.03
190326 35.50 5.06   -0.13 0.04   531 213   -745 -92   3153.01
192610 36.81 3.75   0.06 0.24   484 195   -678 -76   3195.71
11910 36.81 2.06   0.25 -0.23   746 379   -1034 -201   96.73
206536 37.75 0.13   -0.08 0.02   107 52   -172 -32   3204.43
13886 37.75 -2.87   0.08 -0.07   779 407   -1051 -228   93.79
194141 38.50 4.50   -0.23 0.30   55 33   -55 -17   3204.56
11753 38.56 4.75   -0.22 0.43   521 344   -758 -236   93.84
278415 40.19 5.00   -0.10 -0.21   250 265   -411 -203   3170.49
11019 40.25 5.19   -0.03 -0.40   616 575   -917 -423   81.10
194504 41.19 4.94   0.23 -0.82   39 37   -55 -26   3188.44
192097 41.50 1.94   0.04 -0.06   627 597   -877 -423   3183.93
11344 41.56 2.62   0.10 -0.31   395 491   -606 -393   64.36
191761 41.94 3.69   -0.12 -0.03   23 31   -24 -17   3181.03
9716 42.00 3.62   -0.16 -0.01   272 398   -420 -340   58.88
10532 42.00 3.69   -0.16 0.00   10 20   -26 -28   72.68
278764 43.00 4.44   0.12 -0.15   119 275   -233 -253   3168.82
9845 43.00 3.75   0.06 -0.20   240 592   -455 -562   61.12
11011 43.06 3.31   -0.03 -0.22   18 46   -23 -29   81.12
98851 43.31 2.56   0.09 -0.47   135 373   -270 -354   72.63
100052 43.50 1.62   0.17 -0.48   114 361   -225 -349   77.76
99804 43.69 1.06   -0.06 -0.14   71 291   -153 -290   74.26
99929 43.75 1.31   0.16 -0.25   60 293   -132 -287   73.09
100116 43.88 1.06   -0.16 -0.08   44 265   -114 -255   75.22
99967 43.94 0.62   -0.15 -0.13   17 297   -99 -302   74.77
100003 43.94 -1.06   0.06 -0.37   -14 314   -60 -330   74.57
99555 43.81 -1.12   0.12 -0.06   -47 308   -25 -338   65.48
100517 43.69 -1.62   0.05 0.14   -43 244   -13 -274   75.87
100052 43.63 -0.62   -0.15 0.03   -36 264   -28 -282   76.80
280543 43.75 -0.13   0.06 -0.19   -57 260   -13 -281   3173.08
10757 43.75 -0.31   -0.03 -0.06   -176 614   24 -669   71.77
12081 43.75 -0.50   -0.09 0.01   -14 39   6 -42   76.54
96446 43.75 0.06   0.13 0.17   -127 320   58 -359   73.69
100435 43.75 0.00   -0.07 0.12   -133 366   45 -385   81.31
280444 43.75 -0.13   0.12 -0.02   -133 383   51 -433   3175.72
12701 43.75 0.00   0.11 -0.02   -286 808   96 -881   80.40
13573 43.75 0.13   0.06 -0.09   -16 49   5 -53   84.40
93427 43.75 0.00   -0.16 0.07   -134 381   44 -404   83.79
101491 43.69 -2.31   0.33 0.12   -145 401   54 -457   87.16
100173 43.75 0.56   0.22 0.04   -142 379   39 -406   88.58
100140 43.81 0.31   -0.02 0.25   -129 343   47 -396   86.64
279443 43.88 0.94   -0.19 -0.03   -134 372   47 -391   3176.75
14191 43.88 0.62   -0.17 0.01   -240 645   76 -718   88.31
193285 44.00 0.50   0.15 -0.15   -21 58   6 -47   3207.32
13546 44.00 0.19   0.05 -0.10   -254 665   95 -722   97.45
12588 44.00 0.25   0.03 -0.07   -15 39   9 -57   104.75
88521 44.00 0.44   0.24 0.02   -113 279   45 -298   93.30
99729 44.06 0.25   0.02 0.04   -122 287   47 -324   99.06
99824 44.06 0.19   -0.02 -0.06   -118 272   49 -309   95.53
99982 44.06 0.13   -0.01 -0.06   -120 255   60 -300   96.93
281702 44.06 1.37   0.19 -0.03   -146 260   91 -318   3201.61
12161 44.13 0.88   0.08 -0.01   -423 565   295 -699   99.44
12090 44.13 1.12   0.08 0.00   -25 32   16 -41   99.97
95739 44.19 0.31   0.02 -0.15   -170 210   116 -272   111.90
99982 44.19 -2.62   -0.09 0.13   -186 202   149 -269   112.47
99905 44.13 -0.19   0.04 -0.08   -224 247   162 -311   113.22
99656 44.06 -1.81   -0.07 -0.31   -226 230   194 -330   104.51
100112 43.69 -2.87   0.03 0.01   -325 231   299 -330   105.97
99999 43.44 -3.44   0.12 -0.02   -337 240   334 -356   107.03
99859 43.19 -2.00   0.14 0.38   -361 228   337 -339   108.51
100004 42.94 -3.00   0.02 0.00   -346 229   338 -356   109.07
100091 42.63 -3.31   -0.11 -0.20   -358 229   324 -333   114.96
99950 42.25 -1.25   0.24 0.68   -350 228   358 -360   114.29
100058 42.19 4.37   0.26 0.60   -333 220   303 -323   115.57
99954 41.94 -2.81   -0.06 0.12   -294 193   284 -307   116.67
100011 41.69 -2.31   0.24 0.24   -289 187   265 -277   118.59
100119 41.56 -2.06   -0.12 0.00   -272 179   247 -272   125.21
99813 41.38 -2.44   0.38 0.45   -282 181   263 -275   118.75
100208 41.19 -2.69   -0.03 0.23   -306 199   294 -310   129.41
278551 40.63 -2.19   -0.10 -0.03   -258 166   249 -252   3176.51
13542 40.63 -1.94   -0.02 0.02   -434 285   405 -419   124.15
13556 40.56 -1.81   -0.01 -0.06   -28 18   26 -27   124.75
94109 40.38 -2.19   -0.25 -0.11   -232 149   222 -224   127.49
279635 39.69 -1.81   0.18 0.03   -307 198   304 -313   3211.89
14992 39.63 -1.94   0.18 0.02   -616 385   583 -602   130.34
14174 39.63 -2.12   0.21 0.25   -41 25   38 -36   131.35
270169 39.19 -2.50   0.02 0.00   -196 126   181 -180   3193.33
16279 39.13 -4.00   1.74 -0.61   -411 259   408 -387   136.09
14413 38.94 -13.50   1.99 -0.38   -41 16   46 -28   134.90
90269 38.25 3.81   -0.30 0.09   -192 -30   270 -31   136.43
99823 37.88 7.12   -0.52 0.41   -230 -3   333 -73   131.37
100025 37.19 15.06   -0.70 -0.25   -248 -28   339 -46   133.86
99694 36.38 3.62   -0.31 -0.11   -278 -30   392 -61   126.58
99981 35.69 -0.94   0.07 0.16   -302 -27   383 -63   128.30
99971 35.13 -2.75   -0.26 -0.24   -297 -21   388 -72   127.90
100078 34.50 -10.50   0.13 0.80   -332 -25   407 -73   130.65
100159 34.06 7.50   -0.44 -0.07   -328 -10   419 -92   134.52
99855 33.44 -6.00   -0.05 0.50   -312 -16   377 -77   132.07
99898 32.88 -14.25   -0.08 0.21   -304 -21   384 -69   135.52
100289 32.31 -4.50   0.20 0.10   -283 -28   368 -67   148.72
99744 31.87 2.00   0.09 -0.09   -231 -18   305 -53   137.05
99933 31.37 -10.19   -0.03 0.36   -235 -22   314 -53   135.83
99925 30.81 -14.56   -0.02 0.16   -306 -21   388 -137   137.20
99909 30.19 -9.00   0.70 0.32   -278 -26   358 -59   137.15
99924 30.00 -0.81   0.08 0.15   -194 -18   248 -43   138.13
99921 29.81 -2.12   -0.09 -0.09   -136 -13   175 -32   136.89
100037 29.44 -5.81   -0.08 -0.16   -164 -14   209 -38   138.37
100074 28.94 -8.44   0.08 0.21   -207 -19   276 -52   139.64
99965 28.50 -15.94   0.03 0.45   -249 -33   333 -50   139.02
100175 28.19 -3.69   0.07 0.17   -159 -31   209 -24   142.02
99868 28.06 -1.00   -0.11 -0.10   -92 -14   129 -14   139.74
99997 27.81 -3.56   -0.05 -0.16   -101 -15   132 -11   139.69
100125 27.31 -4.94   0.16 0.36   -148 -32   215 -16   141.56
100041 27.00 -4.75   -0.02 -0.16   -172 -35   226 -22   142.57
99995 26.44 -12.38   0.18 0.13   -189 -38   280 -24   142.41
100004 26.00 -7.94   0.27 0.47   -185 -37   252 -23   142.53
100036 25.94 -4.44   0.00 0.00   -94 -24   133 -11   143.24
100014 25.69 -0.37   -0.06 -0.19   -81 -22   107 -9   143.58
100097 25.25 -9.56   0.10 0.08   -123 -36   192 -9   145.04
100031 24.69 0.56   0.05 0.37   -159 -49   234 -3   145.50
100054 24.50 0.06   -0.01 0.19   -57 -20   94 5   146.46
99947 24.50 -2.50   0.05 0.09   -1 0   0 0   145.60
100021 24.56 2.19   0.00 -0.05   0 0   0 0   146.00
99979 24.62 1.94   -0.05 -0.11   0 0   0 0   145.60
100080 24.56 -1.12   -0.02 -0.02   0 0   0 0   146.92
100001 24.56 -0.37   -0.02 0.04   0 0   0 0   146.96
100024 24.56 0.25   0.00 0.00   3 0   -3 1   147.39
100033 24.56 -2.31   0.02 0.00   4 0   -5 2   147.83
99969 24.56 0.19   -0.03 0.00   7 -1   -10 2   147.39
100032 24.56 -1.19   -0.07 -0.09   11 -4   -10 7   147.83
99973 24.56 -0.75   0.01 0.00   2 0   -2 0   147.44
100027 24.56 0.19   0.00 -0.02   1 0   -1 0   147.88
99948 24.56 0.06   0.00 -0.02   0 0   0 0   147.06
96254 24.56 -0.25   -0.02 -0.01   1 0   -1 0   55.22
103824 24.56 -0.19   0.00 -0.01   0 0   0 0   148.33
96122 24.56 0.19   0.00 -0.01   0 0   -1 0   58.17
103802 24.56 0.00   -0.04 -0.01   0 0   -1 0   147.03
99989 24.56 -0.13   0.00 0.00   1 0   0 0   147.01
99981 24.56 -0.19   -0.02 0.00   0 0   -1 0   146.58
95437 24.56 0.00   0.00 0.00   0 0   0 0   36.20
102092 24.56 0.06   0.00 -0.02   0 0   0 0   104.29
98447 24.56 0.69   -0.02 -0.01   1 0   0 0   55.22
99893 24.56 0.44   -0.01 -0.03   0 0   -1 0   54.37
281982 24.56 0.25   0.00 0.00   0 0   0 0   3194.46
195886 24.56 0.00   -0.03 0.00   0 0   0 0   3205.94
191556 24.56 -0.06   -0.01 -0.02   1 0   -1 0   3164.91
193989 24.56 -0.06   -0.01 0.00   0 0   0 0   3198.89
8702 24.56 0.06   0.00 -0.01   1 0   -1 0   32.84
26910 24.56 0.13   -0.02 0.00   0 0   0 0   32.93
99915 24.56 0.06   -0.01 0.00   0 0   0 0   32.19
99950 24.56 0.06   0.00 0.00   0 0   -1 0   33.39
99931 24.56 0.06   0.00 0.01   0 0   0 0   32.09
99970 24.56 0.69   -0.02 0.00   1 0   -1 0   31.66
100022 24.56 0.31   0.00 0.00   1 1   -2 0   32.09
99948 24.56 -0.19   -0.01 0.03   1 0   0 0   32.07
99994 24.56 -0.19   0.00 0.00   0 0   0 0   32.95
